3.996813e+002,0.000000e+000
4.001635e+002,2.659404e+001
4.006456e+002,2.656198e+001
4.011277e+002,2.651006e+001
4.016098e+002,2.645108e+001
4.020919e+002,2.639473e+001
4.025741e+002,2.635012e+001
4.030562e+002,2.632655e+001
4.035383e+002,2.633168e+001
4.040204e+002,2.636853e+001
4.045026e+002,2.643252e+001
4.049847e+002,2.651072e+001
4.054668e+002,2.658416e+001
4.059489e+002,2.663292e+001
4.064311e+002,2.664208e+001
4.069132e+002,2.660631e+001
4.073953e+002,2.653078e+001
4.078774e+002,2.642877e+001
4.083596e+002,2.631740e+001
4.088417e+002,2.621381e+001
4.093238e+002,2.613255e+001
4.098059e+002,2.608430e+001
4.102881e+002,2.607548e+001
4.107702e+002,2.610833e+001
4.112523e+002,2.618015e+001
4.117344e+002,2.628304e+001
4.122166e+002,2.640407e+001
4.126987e+002,2.652654e+001
4.131808e+002,2.663281e+001
4.136629e+002,2.670786e+001
4.141451e+002,2.674227e+001
4.146272e+002,2.673355e+001
4.151093e+002,2.668497e+001
4.155914e+002,2.660328e+001
4.160736e+002,2.649622e+001
4.165557e+002,2.637155e+001
4.170378e+002,2.623771e+001
4.175200e+002,2.610570e+001
4.180021e+002,2.599044e+001
4.184842e+002,2.590889e+001
4.189663e+002,2.587387e+001
4.194484e+002,2.588715e+001
4.199306e+002,2.593833e+001
4.204127e+002,2.601018e+001
4.208948e+002,2.608661e+001
4.213770e+002,2.615756e+001
4.218591e+002,2.621981e+001
4.223412e+002,2.627532e+001
4.228233e+002,2.632806e+001
4.233055e+002,2.638119e+001
4.237876e+002,2.643492e+001
4.242697e+002,2.648603e+001
4.247518e+002,2.652895e+001
4.252339e+002,2.655820e+001
4.257161e+002,2.657062e+001
4.261982e+002,2.656659e+001
4.266803e+002,2.654941e+001
4.271624e+002,2.652368e+001
4.276446e+002,2.649356e+001
4.281267e+002,2.646208e+001
4.286088e+002,2.643128e+001
4.290909e+002,2.640310e+001
4.295731e+002,2.638012e+001
4.300552e+002,2.636551e+001
4.305373e+002,2.636181e+001
4.310194e+002,2.636936e+001
4.315016e+002,2.638511e+001
4.319837e+002,2.640253e+001
4.324658e+002,2.641345e+001
4.329479e+002,2.641039e+001
4.334301e+002,2.638930e+001
4.339122e+002,2.635097e+001
4.343943e+002,2.630080e+001
4.348764e+002,2.624702e+001
4.353586e+002,2.619827e+001
4.358407e+002,2.616118e+001
4.363228e+002,2.613914e+001
4.368049e+002,2.613219e+001
4.372870e+002,2.613800e+001
4.377692e+002,2.615312e+001
4.382513e+002,2.617377e+001
4.387334e+002,2.619620e+001
4.392155e+002,2.621646e+001
4.396977e+002,2.623058e+001
4.401798e+002,2.623508e+001
4.406619e+002,2.622794e+001
4.411440e+002,2.620972e+001
4.416262e+002,2.618402e+001
4.421083e+002,2.615674e+001
4.425904e+002,2.613441e+001
4.430725e+002,2.612216e+001
4.435547e+002,2.612230e+001
4.440368e+002,2.613420e+001
4.445189e+002,2.615519e+001
4.450010e+002,2.618188e+001
4.454832e+002,2.621113e+001
4.459653e+002,2.624022e+001
4.464474e+002,2.626646e+001
4.469295e+002,2.628681e+001
4.474117e+002,2.629801e+001
4.478938e+002,2.629728e+001
4.483759e+002,2.628344e+001
4.488580e+002,2.625760e+001
4.493401e+002,2.622329e+001
4.498223e+002,2.618530e+001
4.503044e+002,2.614813e+001
4.507865e+002,2.611466e+001
4.512687e+002,2.608537e+001
4.517508e+002,2.605869e+001
4.522329e+002,2.603231e+001
4.527150e+002,2.600456e+001
4.531971e+002,2.597567e+001
4.536793e+002,2.594765e+001
4.541614e+002,2.592349e+001
4.546435e+002,2.590589e+001
4.551257e+002,2.589626e+001
4.556078e+002,2.589442e+001
4.560899e+002,2.589890e+001
4.565720e+002,2.590747e+001
4.570542e+002,2.591801e+001
4.575363e+002,2.592876e+001
4.580184e+002,2.593839e+001
4.585005e+002,2.594579e+001
4.589827e+002,2.595004e+001
4.594648e+002,2.595067e+001
4.599469e+002,2.594806e+001
4.604290e+002,2.594371e+001
4.609112e+002,2.594009e+001
4.613933e+002,2.593991e+001
4.618754e+002,2.594521e+001
4.623575e+002,2.595651e+001
4.628397e+002,2.597254e+001
4.633218e+002,2.599057e+001
4.638039e+002,2.600741e+001
4.642860e+002,2.602037e+001
4.647682e+002,2.602800e+001
4.652503e+002,2.603006e+001
4.657324e+002,2.602703e+001
4.662145e+002,2.601970e+001
4.666967e+002,2.600889e+001
4.671788e+002,2.599576e+001
4.676609e+002,2.598224e+001
4.681430e+002,2.597123e+001
4.686252e+002,2.596617e+001
4.691073e+002,2.597002e+001
4.695894e+002,2.598401e+001
4.700715e+002,2.600659e+001
4.705536e+002,2.603337e+001
4.710358e+002,2.605793e+001
4.715179e+002,2.607363e+001
4.720000e+002,2.607590e+001
4.724821e+002,2.606404e+001
4.729643e+002,2.604132e+001
4.734464e+002,2.601376e+001
4.739285e+002,2.598774e+001
4.744106e+002,2.596816e+001
4.748928e+002,2.595759e+001
4.753749e+002,2.595645e+001
4.758570e+002,2.596366e+001
4.763391e+002,2.597738e+001
4.768213e+002,2.599507e+001
4.773034e+002,2.601356e+001
4.777855e+002,2.602911e+001
4.782676e+002,2.603773e+001
4.787498e+002,2.603606e+001
4.792319e+002,2.602230e+001
4.797140e+002,2.599687e+001
4.801961e+002,2.596242e+001
4.806783e+002,2.592293e+001
4.811604e+002,2.588253e+001
4.816425e+002,2.584428e+001
4.821246e+002,2.580963e+001
4.826068e+002,2.577854e+001
4.830889e+002,2.575022e+001
4.835710e+002,2.572402e+001
4.840531e+002,2.569995e+001
4.845352e+002,2.567842e+001
4.850174e+002,2.565969e+001
4.854995e+002,2.564310e+001
4.859816e+002,2.562697e+001
4.864637e+002,2.560906e+001
4.869459e+002,2.558756e+001
4.874280e+002,2.556197e+001
4.879101e+002,2.553353e+001
4.883922e+002,2.550482e+001
4.888744e+002,2.547890e+001
4.893565e+002,2.545813e+001
4.898386e+002,2.544337e+001
4.903207e+002,2.543382e+001
4.908029e+002,2.542740e+001
4.912850e+002,2.542153e+001
4.917671e+002,2.541396e+001
4.922492e+002,2.540320e+001
4.927314e+002,2.538862e+001
4.932135e+002,2.537027e+001
4.936956e+002,2.534880e+001
4.941777e+002,2.532547e+001
4.946599e+002,2.530225e+001
4.951420e+002,2.528167e+001
4.956241e+002,2.526654e+001
4.961062e+002,2.525904e+001
4.965884e+002,2.526000e+001
4.970705e+002,2.526834e+001
4.975526e+002,2.528128e+001
4.980347e+002,2.529514e+001
4.985169e+002,2.530647e+001
4.989990e+002,2.531311e+001
4.994811e+002,2.531457e+001
4.999633e+002,2.531164e+001
5.004454e+002,2.530555e+001
5.009275e+002,2.529698e+001
5.014096e+002,2.528565e+001
5.018917e+002,2.527067e+001
5.023739e+002,2.525145e+001
5.028560e+002,2.522876e+001
5.033381e+002,2.520519e+001
5.038203e+002,2.518455e+001
5.043024e+002,2.517065e+001
5.047845e+002,2.516585e+001
5.052666e+002,2.517003e+001
5.057487e+002,2.518049e+001
5.062309e+002,2.519254e+001
5.067130e+002,2.520081e+001
5.071951e+002,2.520086e+001
5.076772e+002,2.519022e+001
5.081594e+002,2.516888e+001
5.086415e+002,2.513891e+001
5.091236e+002,2.510372e+001
5.096057e+002,2.506723e+001
5.100879e+002,2.503316e+001
5.105700e+002,2.500462e+001
5.110521e+002,2.498383e+001
5.115342e+002,2.497177e+001
5.120164e+002,2.496810e+001
5.124985e+002,2.497114e+001
5.129806e+002,2.497831e+001
5.134627e+002,2.498670e+001
5.139448e+002,2.499386e+001
5.144270e+002,2.499832e+001
5.149091e+002,2.499976e+001
5.153912e+002,2.499876e+001
5.158734e+002,2.499627e+001
5.163555e+002,2.499298e+001
5.168376e+002,2.498906e+001
5.173197e+002,2.498420e+001
5.178019e+002,2.497804e+001
5.182840e+002,2.497049e+001
5.187661e+002,2.496189e+001
5.192482e+002,2.495261e+001
5.197303e+002,2.494263e+001
5.202125e+002,2.493117e+001
5.206946e+002,2.491675e+001
5.211767e+002,2.489784e+001
5.216588e+002,2.487363e+001
5.221410e+002,2.484474e+001
5.226231e+002,2.481338e+001
5.231052e+002,2.478292e+001
5.235873e+002,2.475698e+001
5.240695e+002,2.473836e+001
5.245516e+002,2.472816e+001
5.250337e+002,2.472552e+001
5.255159e+002,2.472796e+001
5.259980e+002,2.473228e+001
5.264801e+002,2.473563e+001
5.269622e+002,2.473622e+001
5.274443e+002,2.473355e+001
5.279265e+002,2.472803e+001
5.284086e+002,2.472049e+001
5.288907e+002,2.471180e+001
5.293728e+002,2.470264e+001
5.298550e+002,2.469357e+001
5.303371e+002,2.468505e+001
5.308192e+002,2.467740e+001
5.313013e+002,2.467073e+001
5.317834e+002,2.466473e+001
5.322656e+002,2.465873e+001
5.327477e+002,2.465191e+001
5.332299e+002,2.464369e+001
5.337120e+002,2.463397e+001
5.341941e+002,2.462335e+001
5.346762e+002,2.461288e+001
5.351583e+002,2.460369e+001
5.356404e+002,2.459652e+001
5.361226e+002,2.459151e+001
5.366047e+002,2.458824e+001
5.370868e+002,2.458602e+001
5.375690e+002,2.458433e+001
5.380511e+002,2.458304e+001
5.385332e+002,2.458232e+001
5.390153e+002,2.458241e+001
5.394974e+002,2.458327e+001
5.399796e+002,2.458438e+001
5.404617e+002,2.458488e+001
5.409438e+002,2.458389e+001
5.414260e+002,2.458084e+001
5.419081e+002,2.457583e+001
5.423902e+002,2.456939e+001
5.428723e+002,2.456223e+001
5.433544e+002,2.455486e+001
5.438365e+002,2.454725e+001
5.443187e+002,2.453896e+001
5.448008e+002,2.452937e+001
5.452830e+002,2.451807e+001
5.457651e+002,2.450508e+001
5.462472e+002,2.449081e+001
5.467293e+002,2.447579e+001
5.472114e+002,2.446029e+001
5.476936e+002,2.444424e+001
5.481757e+002,2.442731e+001
5.486578e+002,2.440929e+001
5.491400e+002,2.439050e+001
5.496221e+002,2.437190e+001
5.501042e+002,2.435496e+001
5.505863e+002,2.434108e+001
5.510684e+002,2.433102e+001
5.515505e+002,2.432452e+001
5.520327e+002,2.432029e+001
5.525148e+002,2.431638e+001
5.529969e+002,2.431079e+001
5.534791e+002,2.430206e+001
5.539612e+002,2.428952e+001
5.544433e+002,2.427337e+001
5.549254e+002,2.425439e+001
5.554076e+002,2.423367e+001
5.558896e+002,2.421241e+001
5.563718e+002,2.419176e+001
5.568539e+002,2.417277e+001
5.573361e+002,2.415630e+001
5.578182e+002,2.414279e+001
5.583003e+002,2.413196e+001
5.587825e+002,2.412275e+001
5.592645e+002,2.411331e+001
5.597467e+002,2.410148e+001
5.602288e+002,2.408539e+001
5.607109e+002,2.406404e+001
5.611931e+002,2.403772e+001
5.616752e+002,2.400794e+001
5.621573e+002,2.397705e+001
5.626394e+002,2.394758e+001
5.631216e+002,2.392176e+001
5.636037e+002,2.390115e+001
5.640858e+002,2.388660e+001
5.645679e+002,2.387842e+001
5.650500e+002,2.387650e+001
5.655322e+002,2.388037e+001
5.660143e+002,2.388907e+001
5.664965e+002,2.390103e+001
5.669785e+002,2.391402e+001
5.674607e+002,2.392540e+001
5.679428e+002,2.393253e+001
5.684249e+002,2.393324e+001
5.689070e+002,2.392636e+001
5.693892e+002,2.391182e+001
5.698713e+002,2.389046e+001
5.703534e+002,2.386381e+001
5.708356e+002,2.383379e+001
5.713177e+002,2.380252e+001
5.717998e+002,2.377221e+001
5.722819e+002,2.374510e+001
5.727640e+002,2.372332e+001
5.732462e+002,2.370847e+001
5.737283e+002,2.370115e+001
5.742104e+002,2.370064e+001
5.746925e+002,2.370469e+001
5.751747e+002,2.370987e+001
5.756568e+002,2.371233e+001
5.761389e+002,2.370876e+001
5.766210e+002,2.369732e+001
5.771031e+002,2.367803e+001
5.775853e+002,2.365279e+001
5.780674e+002,2.362470e+001
5.785496e+002,2.359732e+001
5.790317e+002,2.357389e+001
5.795138e+002,2.355669e+001
5.799959e+002,2.354669e+001
5.804780e+002,2.354346e+001
5.809601e+002,2.354522e+001
5.814423e+002,2.354922e+001
5.819244e+002,2.355227e+001
5.824066e+002,2.355134e+001
5.828887e+002,2.354427e+001
5.833708e+002,2.353015e+001
5.838529e+002,2.350941e+001
5.843350e+002,2.348366e+001
5.848171e+002,2.345504e+001
5.852993e+002,2.342564e+001
5.857814e+002,2.339695e+001
5.862635e+002,2.336972e+001
5.867457e+002,2.334412e+001
5.872278e+002,2.332009e+001
5.877099e+002,2.329778e+001
5.881920e+002,2.327772e+001
5.886741e+002,2.326070e+001
5.891563e+002,2.324747e+001
5.896384e+002,2.323835e+001
5.901205e+002,2.323302e+001
5.906027e+002,2.323055e+001
5.910848e+002,2.322965e+001
5.915669e+002,2.322903e+001
5.920490e+002,2.322770e+001
5.925311e+002,2.322497e+001
5.930133e+002,2.322040e+001
5.934954e+002,2.321359e+001
5.939775e+002,2.320420e+001
5.944597e+002,2.319210e+001
5.949418e+002,2.317768e+001
5.954239e+002,2.316199e+001
5.959060e+002,2.314685e+001
5.963882e+002,2.313437e+001
5.968702e+002,2.312640e+001
5.973524e+002,2.312397e+001
5.978345e+002,2.312691e+001
5.983167e+002,2.313391e+001
5.987988e+002,2.314296e+001
5.992809e+002,2.315197e+001
5.997630e+002,2.315934e+001
6.002451e+002,2.316428e+001
6.007273e+002,2.316677e+001
6.012094e+002,2.316725e+001
6.016915e+002,2.316634e+001
6.021736e+002,2.316464e+001
6.026558e+002,2.316271e+001
6.031379e+002,2.316123e+001
6.036200e+002,2.316100e+001
6.041022e+002,2.316288e+001
6.045842e+002,2.316751e+001
6.050664e+002,2.317496e+001
6.055485e+002,2.318461e+001
6.060306e+002,2.319509e+001
6.065128e+002,2.320471e+001
6.069949e+002,2.321188e+001
6.074770e+002,2.321561e+001
6.079591e+002,2.321573e+001
6.084413e+002,2.321289e+001
6.089234e+002,2.320823e+001
6.094055e+002,2.320314e+001
6.098876e+002,2.319889e+001
6.103698e+002,2.319650e+001
6.108519e+002,2.319669e+001
6.113340e+002,2.319987e+001
6.118162e+002,2.320614e+001
6.122983e+002,2.321524e+001
6.127804e+002,2.322656e+001
6.132625e+002,2.323923e+001
6.137446e+002,2.325239e+001
6.142267e+002,2.326546e+001
6.147089e+002,2.327845e+001
6.151910e+002,2.329200e+001
6.156731e+002,2.330723e+001
6.161553e+002,2.332531e+001
6.166374e+002,2.334697e+001
6.171195e+002,2.337210e+001
6.176016e+002,2.339969e+001
6.180837e+002,2.342801e+001
6.185659e+002,2.345506e+001
6.190480e+002,2.347903e+001
6.195302e+002,2.349860e+001
6.200123e+002,2.351304e+001
6.204944e+002,2.352214e+001
6.209765e+002,2.352607e+001
6.214586e+002,2.352534e+001
6.219407e+002,2.352079e+001
6.224229e+002,2.351351e+001
6.229050e+002,2.350486e+001
6.233871e+002,2.349623e+001
6.238693e+002,2.348875e+001
6.243514e+002,2.348310e+001
6.248335e+002,2.347935e+001
6.253156e+002,2.347706e+001
6.257977e+002,2.347553e+001
6.262798e+002,2.347403e+001
6.267620e+002,2.347206e+001
6.272441e+002,2.346930e+001
6.277263e+002,2.346558e+001
6.282084e+002,2.346068e+001
6.286905e+002,2.345428e+001
6.291726e+002,2.344603e+001
6.296547e+002,2.343578e+001
6.301368e+002,2.342373e+001
6.306190e+002,2.341053e+001
6.311011e+002,2.339712e+001
6.315833e+002,2.338448e+001
6.320654e+002,2.337327e+001
6.325475e+002,2.336367e+001
6.330296e+002,2.335540e+001
6.335117e+002,2.334789e+001
6.339939e+002,2.334063e+001
6.344760e+002,2.333337e+001
6.349581e+002,2.332616e+001
6.354402e+002,2.331919e+001
6.359224e+002,2.331257e+001
6.364045e+002,2.330612e+001
6.368866e+002,2.329934e+001
6.373687e+002,2.329156e+001
6.378508e+002,2.328220e+001
6.383330e+002,2.327099e+001
6.388151e+002,2.325800e+001
6.392972e+002,2.324363e+001
6.397794e+002,2.322834e+001
6.402615e+002,2.321252e+001
6.407436e+002,2.319645e+001
6.412257e+002,2.318029e+001
6.417079e+002,2.316418e+001
6.421899e+002,2.314829e+001
6.426721e+002,2.313272e+001
6.431542e+002,2.311745e+001
6.436364e+002,2.310216e+001
6.441185e+002,2.308631e+001
6.446006e+002,2.306930e+001
6.450827e+002,2.305079e+001
6.455648e+002,2.303098e+001
6.460470e+002,2.301077e+001
6.465291e+002,2.299158e+001
6.470112e+002,2.297504e+001
6.474933e+002,2.296248e+001
6.479755e+002,2.295452e+001
6.484576e+002,2.295101e+001
6.489397e+002,2.295102e+001
6.494219e+002,2.295323e+001
6.499040e+002,2.295627e+001
6.503861e+002,2.295899e+001
6.508682e+002,2.296055e+001
6.513503e+002,2.296041e+001
6.518325e+002,2.295823e+001
6.523146e+002,2.295400e+001
6.527968e+002,2.294805e+001
6.532788e+002,2.294115e+001
6.537610e+002,2.293453e+001
6.542431e+002,2.292961e+001
6.547252e+002,2.292771e+001
6.552073e+002,2.292960e+001
6.556895e+002,2.293532e+001
6.561716e+002,2.294420e+001
6.566537e+002,2.295513e+001
6.571359e+002,2.296698e+001
6.576179e+002,2.297903e+001
6.581001e+002,2.299113e+001
6.585822e+002,2.300367e+001
6.590643e+002,2.301730e+001
6.595464e+002,2.303266e+001
6.600286e+002,2.305007e+001
6.605107e+002,2.306946e+001
6.609928e+002,2.309023e+001
6.614750e+002,2.311136e+001
6.619571e+002,2.313137e+001
6.624392e+002,2.314841e+001
6.629213e+002,2.316037e+001
6.634034e+002,2.316512e+001
6.638856e+002,2.316072e+001
6.643677e+002,2.314558e+001
6.648499e+002,2.311865e+001
6.653320e+002,2.307948e+001
6.658141e+002,2.302851e+001
6.662962e+002,2.296772e+001
6.667783e+002,2.290180e+001
6.672605e+002,2.283913e+001
6.677426e+002,2.279127e+001
6.682247e+002,2.276899e+001
6.687068e+002,2.277632e+001
6.691890e+002,2.280800e+001
6.696711e+002,2.285317e+001
6.701532e+002,2.290138e+001
6.706353e+002,2.294576e+001
6.711174e+002,2.298308e+001
6.715996e+002,2.301245e+001
6.720817e+002,2.303420e+001
6.725638e+002,2.304922e+001
6.730460e+002,2.305857e+001
6.735281e+002,2.306342e+001
6.740102e+002,2.306483e+001
6.744923e+002,2.306374e+001
6.749745e+002,2.306091e+001
6.754565e+002,2.305697e+001
6.759387e+002,2.305253e+001
6.764208e+002,2.304826e+001
6.769030e+002,2.304484e+001
6.773851e+002,2.304284e+001
6.778672e+002,2.304248e+001
6.783493e+002,2.304350e+001
6.788314e+002,2.304518e+001
6.793136e+002,2.304661e+001
6.797957e+002,2.304701e+001
6.802778e+002,2.304612e+001
6.807599e+002,2.304436e+001
6.812421e+002,2.304274e+001
6.817242e+002,2.304258e+001
6.822063e+002,2.304504e+001
6.826885e+002,2.305081e+001
6.831705e+002,2.305988e+001
6.836527e+002,2.307166e+001
6.841348e+002,2.308510e+001
6.846169e+002,2.309896e+001
6.850991e+002,2.311199e+001
6.855812e+002,2.312308e+001
6.860634e+002,2.313133e+001
6.865454e+002,2.313622e+001
6.870276e+002,2.313764e+001
6.875096e+002,2.313610e+001
6.879918e+002,2.313268e+001
6.884739e+002,2.312891e+001
6.889561e+002,2.312638e+001
6.894382e+002,2.312639e+001
6.899203e+002,2.312951e+001
6.904025e+002,2.313563e+001
6.908845e+002,2.314395e+001
6.913667e+002,2.315346e+001
6.918488e+002,2.316327e+001
6.923309e+002,2.317289e+001
6.928130e+002,2.318224e+001
6.932952e+002,2.319153e+001
6.937773e+002,2.320091e+001
6.942594e+002,2.321032e+001
6.947416e+002,2.321939e+001
6.952236e+002,2.322755e+001
6.957058e+002,2.323428e+001
6.961879e+002,2.323931e+001
6.966700e+002,2.324265e+001
6.971522e+002,2.324462e+001
6.976343e+002,2.324559e+001
6.981165e+002,2.324597e+001
6.985985e+002,2.324605e+001
6.990807e+002,2.324608e+001
6.995628e+002,2.324634e+001
7.000449e+002,2.324718e+001
7.005270e+002,2.324893e+001
7.010092e+002,2.325172e+001
7.014913e+002,2.325541e+001
7.019734e+002,2.325939e+001
7.024556e+002,2.326278e+001
7.029377e+002,2.326458e+001
7.034198e+002,2.326393e+001
7.039019e+002,2.326045e+001
7.043840e+002,2.325425e+001
7.048662e+002,2.324590e+001
7.053483e+002,2.323626e+001
7.058304e+002,2.322622e+001
7.063125e+002,2.321653e+001
7.067947e+002,2.320774e+001
7.072768e+002,2.320017e+001
7.077589e+002,2.319389e+001
7.082410e+002,2.318878e+001
7.087231e+002,2.318457e+001
7.092053e+002,2.318082e+001
7.096874e+002,2.317706e+001
7.101696e+002,2.317290e+001
7.106517e+002,2.316819e+001
7.111338e+002,2.316306e+001
7.116159e+002,2.315791e+001
7.120980e+002,2.315327e+001
7.125802e+002,2.314958e+001
7.130623e+002,2.314700e+001
7.135444e+002,2.314540e+001
7.140265e+002,2.314433e+001
7.145087e+002,2.314321e+001
7.149908e+002,2.314144e+001
7.154729e+002,2.313853e+001
7.159550e+002,2.313406e+001
7.164371e+002,2.312772e+001
7.169193e+002,2.311921e+001
7.174014e+002,2.310839e+001
7.178835e+002,2.309539e+001
7.183657e+002,2.308075e+001
7.188478e+002,2.306544e+001
7.193299e+002,2.305076e+001
7.198120e+002,2.303794e+001
7.202942e+002,2.302781e+001
7.207762e+002,2.302039e+001
7.212584e+002,2.301495e+001
7.217405e+002,2.301021e+001
7.222227e+002,2.300480e+001
7.227048e+002,2.299772e+001
7.231869e+002,2.298860e+001
7.236691e+002,2.297768e+001
7.241511e+002,2.296563e+001
7.246333e+002,2.295320e+001
7.251154e+002,2.294099e+001
7.255975e+002,2.292937e+001
7.260797e+002,2.291850e+001
7.265618e+002,2.290850e+001
7.270439e+002,2.289958e+001
7.275260e+002,2.289198e+001
7.280082e+002,2.288593e+001
7.284902e+002,2.288146e+001
7.289724e+002,2.287832e+001
7.294545e+002,2.287605e+001
7.299366e+002,2.287410e+001
7.304188e+002,2.287197e+001
7.309009e+002,2.286937e+001
7.313831e+002,2.286615e+001
7.318651e+002,2.286219e+001
7.323473e+002,2.285724e+001
7.328293e+002,2.285083e+001
7.333115e+002,2.284240e+001
7.337936e+002,2.283148e+001
7.342758e+002,2.281793e+001
7.347579e+002,2.280209e+001
7.352400e+002,2.278477e+001
7.357222e+002,2.276707e+001
7.362042e+002,2.275010e+001
7.366864e+002,2.273481e+001
7.371685e+002,2.272180e+001
7.376506e+002,2.271141e+001
7.381328e+002,2.270374e+001
7.386149e+002,2.269874e+001
7.390970e+002,2.269620e+001
7.395791e+002,2.269564e+001
7.400613e+002,2.269628e+001
7.405434e+002,2.269705e+001
7.410255e+002,2.269675e+001
7.415076e+002,2.269431e+001
7.419897e+002,2.268906e+001
7.424719e+002,2.268091e+001
7.429540e+002,2.267039e+001
7.434362e+002,2.265840e+001
7.439182e+002,2.264600e+001
7.444004e+002,2.263414e+001
7.448825e+002,2.262351e+001
7.453646e+002,2.261448e+001
7.458467e+002,2.260722e+001
7.463289e+002,2.260169e+001
7.468110e+002,2.259769e+001
7.472931e+002,2.259480e+001
7.477753e+002,2.259243e+001
7.482574e+002,2.258975e+001
7.487395e+002,2.258595e+001
7.492216e+002,2.258033e+001
7.497037e+002,2.257257e+001
7.501859e+002,2.256276e+001
7.506680e+002,2.255137e+001
7.511501e+002,2.253911e+001
7.516322e+002,2.252663e+001
7.521144e+002,2.251444e+001
7.525965e+002,2.250284e+001
7.530786e+002,2.249196e+001
7.535608e+002,2.248190e+001
7.540428e+002,2.247271e+001
7.545250e+002,2.246447e+001
7.550071e+002,2.245707e+001
7.554893e+002,2.245022e+001
7.559714e+002,2.244344e+001
7.564535e+002,2.243616e+001
7.569356e+002,2.242789e+001
7.574177e+002,2.241840e+001
7.578999e+002,2.240779e+001
7.583820e+002,2.239638e+001
7.588641e+002,2.238450e+001
7.593463e+002,2.237237e+001
7.598284e+002,2.235997e+001
7.603105e+002,2.234706e+001
7.607926e+002,2.233344e+001
7.612748e+002,2.231909e+001
7.617568e+002,2.230432e+001
7.622390e+002,2.228964e+001
7.627211e+002,2.227568e+001
7.632032e+002,2.226287e+001
7.636854e+002,2.225138e+001
7.641675e+002,2.224112e+001
7.646496e+002,2.223186e+001
7.651317e+002,2.222342e+001
7.656139e+002,2.221585e+001
7.660959e+002,2.220932e+001
7.665781e+002,2.220399e+001
7.670602e+002,2.219984e+001
7.675424e+002,2.219649e+001
7.680245e+002,2.219331e+001
7.685066e+002,2.218955e+001
7.689888e+002,2.218466e+001
7.694708e+002,2.217842e+001
7.699530e+002,2.217105e+001
7.704351e+002,2.216301e+001
7.709172e+002,2.215480e+001
7.713994e+002,2.214673e+001
7.718815e+002,2.213882e+001
7.723636e+002,2.213086e+001
7.728457e+002,2.212254e+001
7.733279e+002,2.211363e+001
7.738099e+002,2.210410e+001
7.742921e+002,2.209402e+001
7.747742e+002,2.208357e+001
7.752563e+002,2.207284e+001
7.757385e+002,2.206186e+001
7.762206e+002,2.205060e+001
7.767028e+002,2.203907e+001
7.771848e+002,2.202739e+001
7.776670e+002,2.201577e+001
7.781491e+002,2.200445e+001
7.786312e+002,2.199356e+001
7.791133e+002,2.198307e+001
7.795955e+002,2.197287e+001
7.800776e+002,2.196274e+001
7.805597e+002,2.195260e+001
7.810419e+002,2.194254e+001
7.815239e+002,2.193277e+001
7.820061e+002,2.192353e+001
7.824882e+002,2.191495e+001
7.829703e+002,2.190689e+001
7.834525e+002,2.189901e+001
7.839346e+002,2.189081e+001
7.844167e+002,2.188184e+001
7.848988e+002,2.187188e+001
7.853810e+002,2.186091e+001
7.858631e+002,2.184917e+001
7.863452e+002,2.183699e+001
7.868273e+002,2.182471e+001
7.873094e+002,2.181263e+001
7.877916e+002,2.180094e+001
7.882737e+002,2.178982e+001
7.887559e+002,2.177935e+001
7.892380e+002,2.176951e+001
7.897201e+002,2.176011e+001
7.902022e+002,2.175078e+001
7.906843e+002,2.174102e+001
7.911665e+002,2.173041e+001
7.916486e+002,2.171875e+001
7.921307e+002,2.170623e+001
7.926128e+002,2.169342e+001
7.930950e+002,2.168105e+001
7.935771e+002,2.166976e+001
7.940592e+002,2.165978e+001
7.945413e+002,2.165083e+001
7.950234e+002,2.164218e+001
7.955056e+002,2.163291e+001
7.959877e+002,2.162229e+001
7.964698e+002,2.160999e+001
7.969520e+002,2.159625e+001
7.974341e+002,2.158170e+001
7.979162e+002,2.156713e+001
7.983983e+002,2.155320e+001
7.988805e+002,2.154028e+001
7.993625e+002,2.152844e+001
7.998447e+002,2.151756e+001
8.003268e+002,2.150751e+001
8.008090e+002,2.149820e+001
8.012911e+002,2.148967e+001
8.017732e+002,2.148196e+001
8.022553e+002,2.147503e+001
8.027374e+002,2.146867e+001
8.032196e+002,2.146251e+001
8.037017e+002,2.145606e+001
8.041838e+002,2.144880e+001
8.046660e+002,2.144024e+001
8.051481e+002,2.143001e+001
8.056302e+002,2.141783e+001
8.061123e+002,2.140356e+001
8.065945e+002,2.138726e+001
8.070765e+002,2.136921e+001
8.075587e+002,2.134986e+001
8.080408e+002,2.132985e+001
8.085229e+002,2.130982e+001
8.090051e+002,2.129027e+001
8.094872e+002,2.127144e+001
8.099694e+002,2.125333e+001
8.104514e+002,2.123583e+001
8.109336e+002,2.121887e+001
8.114156e+002,2.120259e+001
8.118978e+002,2.118741e+001
8.123799e+002,2.117392e+001
8.128621e+002,2.116268e+001
8.133442e+002,2.115400e+001
8.138263e+002,2.114781e+001
8.143085e+002,2.114364e+001
8.147905e+002,2.114076e+001
8.152727e+002,2.113836e+001
8.157548e+002,2.113574e+001
8.162369e+002,2.113235e+001
8.167191e+002,2.112782e+001
8.172012e+002,2.112182e+001
8.176833e+002,2.111407e+001
8.181654e+002,2.110433e+001
8.186476e+002,2.109244e+001
8.191296e+002,2.107847e+001
8.196118e+002,2.106276e+001
8.200939e+002,2.104586e+001
8.205760e+002,2.102845e+001
8.210582e+002,2.101119e+001
8.215403e+002,2.099459e+001
8.220225e+002,2.097897e+001
8.225045e+002,2.096442e+001
8.229867e+002,2.095088e+001
8.234688e+002,2.093815e+001
8.239509e+002,2.092588e+001
8.244330e+002,2.091357e+001
8.249152e+002,2.090063e+001
8.253973e+002,2.088648e+001
8.258794e+002,2.087078e+001
8.263616e+002,2.085356e+001
8.268437e+002,2.083535e+001
8.273258e+002,2.081705e+001
8.278079e+002,2.079971e+001
8.282900e+002,2.078414e+001
8.287722e+002,2.077064e+001
8.292543e+002,2.075882e+001
8.297365e+002,2.074774e+001
8.302185e+002,2.073614e+001
8.307007e+002,2.072283e+001
8.311828e+002,2.070707e+001
8.316649e+002,2.068867e+001
8.321470e+002,2.066804e+001
8.326292e+002,2.064595e+001
8.331113e+002,2.062339e+001
8.335934e+002,2.060135e+001
8.340756e+002,2.058070e+001
8.345577e+002,2.056211e+001
8.350398e+002,2.054602e+001
8.355219e+002,2.053250e+001
8.360040e+002,2.052126e+001
8.364862e+002,2.051157e+001
8.369683e+002,2.050241e+001
8.374504e+002,2.049265e+001
8.379325e+002,2.048135e+001
8.384147e+002,2.046798e+001
8.388968e+002,2.045258e+001
8.393789e+002,2.043563e+001
8.398610e+002,2.041787e+001
8.403431e+002,2.040001e+001
8.408253e+002,2.038249e+001
8.413074e+002,2.036540e+001
8.417896e+002,2.034859e+001
8.422717e+002,2.033179e+001
8.427538e+002,2.031487e+001
8.432359e+002,2.029787e+001
8.437180e+002,2.028100e+001
8.442002e+002,2.026452e+001
8.446823e+002,2.024867e+001
8.451644e+002,2.023353e+001
8.456465e+002,2.021908e+001
8.461287e+002,2.020522e+001
8.466108e+002,2.019180e+001
8.470929e+002,2.017872e+001
8.475751e+002,2.016579e+001
8.480571e+002,2.015281e+001
8.485393e+002,2.013948e+001
8.490214e+002,2.012555e+001
8.495035e+002,2.011090e+001
8.499857e+002,2.009565e+001
8.504678e+002,2.008017e+001
8.509499e+002,2.006508e+001
8.514320e+002,2.005094e+001
8.519142e+002,2.003818e+001
8.523962e+002,2.002689e+001
8.528784e+002,2.001684e+001
8.533605e+002,2.000760e+001
8.538427e+002,1.999872e+001
8.543248e+002,1.998993e+001
8.548069e+002,1.998115e+001
8.552891e+002,1.997249e+001
8.557711e+002,1.996411e+001
8.562533e+002,1.995609e+001
8.567354e+002,1.994833e+001
8.572175e+002,1.994058e+001
8.576996e+002,1.993247e+001
8.581818e+002,1.992363e+001
8.586639e+002,1.991366e+001
8.591460e+002,1.990224e+001
8.596282e+002,1.988905e+001
8.601102e+002,1.987383e+001
8.605924e+002,1.985647e+001
8.610745e+002,1.983710e+001
8.615566e+002,1.981615e+001
8.620388e+002,1.979442e+001
8.625209e+002,1.977294e+001
8.630031e+002,1.975273e+001
8.634851e+002,1.973459e+001
8.639673e+002,1.971891e+001
8.644494e+002,1.970556e+001
8.649315e+002,1.969401e+001
8.654136e+002,1.968343e+001
8.658958e+002,1.967299e+001
8.663779e+002,1.966192e+001
8.668600e+002,1.964973e+001
8.673422e+002,1.963620e+001
8.678242e+002,1.962140e+001
8.683064e+002,1.960568e+001
8.687885e+002,1.958968e+001
8.692706e+002,1.957418e+001
8.697527e+002,1.956005e+001
8.702349e+002,1.954800e+001
8.707170e+002,1.953841e+001
8.711991e+002,1.953120e+001
8.716813e+002,1.952579e+001
8.721634e+002,1.952124e+001
8.726455e+002,1.951648e+001
8.731276e+002,1.951056e+001
8.736097e+002,1.950287e+001
8.740919e+002,1.949319e+001
8.745740e+002,1.948159e+001
8.750562e+002,1.946835e+001
8.755382e+002,1.945375e+001
8.760204e+002,1.943807e+001
8.765025e+002,1.942159e+001
8.769846e+002,1.940464e+001
8.774668e+002,1.938771e+001
8.779489e+002,1.937140e+001
8.784310e+002,1.935627e+001
8.789131e+002,1.934270e+001
8.793953e+002,1.933076e+001
8.798774e+002,1.932010e+001
8.803595e+002,1.931005e+001
8.808416e+002,1.929977e+001
8.813237e+002,1.928845e+001
8.818059e+002,1.927552e+001
8.822880e+002,1.926071e+001
8.827701e+002,1.924409e+001
8.832523e+002,1.922606e+001
8.837344e+002,1.920717e+001
8.842165e+002,1.918812e+001
8.846986e+002,1.916956e+001
8.851808e+002,1.915207e+001
8.856628e+002,1.913599e+001
8.861450e+002,1.912140e+001
8.866271e+002,1.910811e+001
8.871093e+002,1.909569e+001
8.875914e+002,1.908366e+001
8.880735e+002,1.907164e+001
8.885556e+002,1.905944e+001
8.890377e+002,1.904716e+001
8.895199e+002,1.903506e+001
8.900020e+002,1.902346e+001
8.904841e+002,1.901254e+001
8.909662e+002,1.900227e+001
8.914484e+002,1.899236e+001
8.919305e+002,1.898237e+001
8.924126e+002,1.897189e+001
8.928948e+002,1.896065e+001
8.933768e+002,1.894855e+001
8.938590e+002,1.893568e+001
8.943411e+002,1.892220e+001
8.948232e+002,1.890828e+001
8.953054e+002,1.889399e+001
8.957875e+002,1.887937e+001
8.962697e+002,1.886440e+001
8.967517e+002,1.884910e+001
8.972339e+002,1.883355e+001
8.977159e+002,1.881781e+001
8.981981e+002,1.880196e+001
8.986802e+002,1.878602e+001
8.991624e+002,1.877001e+001
8.996445e+002,1.875396e+001
9.001266e+002,1.873795e+001
9.006088e+002,1.872212e+001
9.010908e+002,1.870663e+001
9.015730e+002,1.869159e+001
9.020551e+002,1.867696e+001
9.025372e+002,1.866256e+001
9.030193e+002,1.864807e+001
9.035015e+002,1.863314e+001
9.039836e+002,1.861747e+001
9.044657e+002,1.860089e+001
9.049479e+002,1.858336e+001
9.054299e+002,1.856496e+001
9.059121e+002,1.854583e+001
9.063942e+002,1.852616e+001
9.068763e+002,1.850620e+001
9.073585e+002,1.848630e+001
9.078406e+002,1.846692e+001
9.083228e+002,1.844858e+001
9.088048e+002,1.843174e+001
9.092870e+002,1.841665e+001
9.097691e+002,1.840324e+001
9.102512e+002,1.839106e+001
9.107333e+002,1.837944e+001
9.112155e+002,1.836762e+001
9.116976e+002,1.835501e+001
9.121797e+002,1.834134e+001
9.126619e+002,1.832669e+001
9.131440e+002,1.831139e+001
9.136261e+002,1.829588e+001
9.141082e+002,1.828050e+001
9.145903e+002,1.826539e+001
9.150724e+002,1.825045e+001
9.155546e+002,1.823540e+001
9.160367e+002,1.821990e+001
9.165189e+002,1.820365e+001
9.170010e+002,1.818642e+001
9.174831e+002,1.816815e+001
9.179652e+002,1.814891e+001
9.184473e+002,1.812894e+001
9.189294e+002,1.810862e+001
9.194116e+002,1.808846e+001
9.198937e+002,1.806899e+001
9.203759e+002,1.805064e+001
9.208580e+002,1.803360e+001
9.213401e+002,1.801777e+001
9.218222e+002,1.800266e+001
9.223043e+002,1.798763e+001
9.227864e+002,1.797198e+001
9.232686e+002,1.795518e+001
9.237507e+002,1.793707e+001
9.242328e+002,1.791784e+001
9.247150e+002,1.789799e+001
9.251971e+002,1.787813e+001
9.256792e+002,1.785878e+001
9.261613e+002,1.784025e+001
9.266434e+002,1.782251e+001
9.271255e+002,1.780525e+001
9.276077e+002,1.778803e+001
9.280898e+002,1.777031e+001
9.285720e+002,1.775170e+001
9.290541e+002,1.773202e+001
9.295362e+002,1.771136e+001
9.300183e+002,1.769011e+001
9.305004e+002,1.766892e+001
9.309826e+002,1.764852e+001
9.314647e+002,1.762957e+001
9.319468e+002,1.761244e+001
9.324290e+002,1.759708e+001
9.329111e+002,1.758297e+001
9.333932e+002,1.756923e+001
9.338753e+002,1.755485e+001
9.343574e+002,1.753895e+001
9.348396e+002,1.752100e+001
9.353217e+002,1.750097e+001
9.358038e+002,1.747922e+001
9.362859e+002,1.745640e+001
9.367681e+002,1.743319e+001
9.372502e+002,1.741013e+001
9.377323e+002,1.738753e+001
9.382144e+002,1.736555e+001
9.386966e+002,1.734424e+001
9.391787e+002,1.732369e+001
9.396608e+002,1.730406e+001
9.401429e+002,1.728558e+001
9.406251e+002,1.726844e+001
9.411072e+002,1.725274e+001
9.415893e+002,1.723842e+001
9.420714e+002,1.722525e+001
9.425536e+002,1.721285e+001
9.430357e+002,1.720079e+001
9.435178e+002,1.718856e+001
9.439999e+002,1.717568e+001
9.444821e+002,1.716169e+001
9.449642e+002,1.714618e+001
9.454463e+002,1.712891e+001
9.459284e+002,1.710985e+001
9.464106e+002,1.708921e+001
9.468927e+002,1.706745e+001
9.473748e+002,1.704517e+001
9.478569e+002,1.702295e+001
9.483391e+002,1.700122e+001
9.488212e+002,1.698015e+001
9.493033e+002,1.695965e+001
9.497855e+002,1.693946e+001
9.502676e+002,1.691925e+001
9.507497e+002,1.689879e+001
9.512318e+002,1.687801e+001
9.517139e+002,1.685698e+001
9.521960e+002,1.683592e+001
9.526782e+002,1.681510e+001
9.531603e+002,1.679486e+001
9.536425e+002,1.677552e+001
9.541246e+002,1.675744e+001
9.546067e+002,1.674099e+001
9.550888e+002,1.672643e+001
9.555709e+002,1.671395e+001
9.560530e+002,1.670346e+001
9.565352e+002,1.669466e+001
9.570173e+002,1.668701e+001
9.574995e+002,1.667983e+001
9.579816e+002,1.667241e+001
9.584637e+002,1.666416e+001
9.589458e+002,1.665467e+001
9.594279e+002,1.664372e+001
9.599100e+002,1.663134e+001
9.603922e+002,1.661766e+001
9.608743e+002,1.660299e+001
9.613564e+002,1.658770e+001
9.618386e+002,1.657223e+001
9.623207e+002,1.655702e+001
9.628028e+002,1.654240e+001
9.632849e+002,1.652859e+001
9.637670e+002,1.651553e+001
9.642491e+002,1.650300e+001
9.647313e+002,1.649056e+001
9.652134e+002,1.647779e+001
9.656956e+002,1.646432e+001
9.661777e+002,1.644997e+001
9.666598e+002,1.643480e+001
9.671419e+002,1.641908e+001
9.676240e+002,1.640324e+001
9.681061e+002,1.638775e+001
9.685883e+002,1.637312e+001
9.690704e+002,1.635980e+001
9.695526e+002,1.634818e+001
9.700347e+002,1.633850e+001
9.705168e+002,1.633082e+001
9.709989e+002,1.632497e+001
9.714810e+002,1.632052e+001
9.719631e+002,1.631689e+001
9.724453e+002,1.631342e+001
9.729274e+002,1.630952e+001
9.734095e+002,1.630478e+001
9.738917e+002,1.629903e+001
9.743738e+002,1.629232e+001
9.748559e+002,1.628475e+001
9.753380e+002,1.627639e+001
9.758201e+002,1.626723e+001
9.763023e+002,1.625716e+001
9.767844e+002,1.624606e+001
9.772665e+002,1.623394e+001
9.777487e+002,1.622102e+001
9.782308e+002,1.620774e+001
9.787129e+002,1.619468e+001
9.791950e+002,1.618242e+001
9.796771e+002,1.617140e+001
9.801593e+002,1.616178e+001
9.806414e+002,1.615347e+001
9.811235e+002,1.614620e+001
9.816057e+002,1.613961e+001
9.820878e+002,1.613340e+001
9.825699e+002,1.612737e+001
9.830520e+002,1.612146e+001
9.835342e+002,1.611574e+001
9.840163e+002,1.611032e+001
9.844984e+002,1.610528e+001
9.849805e+002,1.610065e+001
9.854626e+002,1.609638e+001
9.859448e+002,1.609226e+001
9.864269e+002,1.608801e+001
9.869090e+002,1.608330e+001
9.873912e+002,1.607785e+001
9.878733e+002,1.607150e+001
9.883554e+002,1.606432e+001
9.888375e+002,1.605658e+001
9.893196e+002,1.604880e+001
9.898018e+002,1.604152e+001
9.902839e+002,1.603525e+001
9.907660e+002,1.603027e+001
9.912482e+002,1.602657e+001
9.917303e+002,1.602387e+001
9.922124e+002,1.602174e+001
9.926945e+002,1.601968e+001
9.931766e+002,1.601731e+001
9.936588e+002,1.601441e+001
9.941409e+002,1.601095e+001
9.946230e+002,1.600706e+001
9.951052e+002,1.600294e+001
9.955873e+002,1.599882e+001
9.960694e+002,1.599489e+001
9.965515e+002,1.599128e+001
9.970336e+002,1.598804e+001
9.975157e+002,1.598511e+001
9.979979e+002,1.598235e+001
9.984800e+002,1.597955e+001
9.989622e+002,1.597650e+001
9.994443e+002,1.597304e+001
9.999264e+002,1.596919e+001
1.000409e+003,1.596512e+001
1.000891e+003,1.596112e+001
1.001373e+003,1.595757e+001
1.001855e+003,1.595474e+001
1.002337e+003,1.595271e+001
1.002819e+003,1.595138e+001
1.003301e+003,1.595047e+001
1.003783e+003,1.594968e+001
1.004266e+003,1.594875e+001
1.004748e+003,1.594763e+001
1.005230e+003,1.594635e+001
1.005712e+003,1.594507e+001
1.006194e+003,1.594390e+001
1.006676e+003,1.594281e+001
1.007158e+003,1.594163e+001
1.007640e+003,1.594011e+001
1.008122e+003,1.593800e+001
1.008605e+003,1.593513e+001
1.009087e+003,1.593152e+001
1.009569e+003,1.592731e+001
1.010051e+003,1.592278e+001
1.010533e+003,1.591820e+001
1.011015e+003,1.591387e+001
1.011497e+003,1.591004e+001
1.011979e+003,1.590691e+001
1.012462e+003,1.590465e+001
1.012944e+003,1.590334e+001
1.013426e+003,1.590293e+001
1.013908e+003,1.590323e+001
1.014390e+003,1.590390e+001
1.014872e+003,1.590451e+001
1.015354e+003,1.590471e+001
1.015836e+003,1.590429e+001
1.016319e+003,1.590333e+001
1.016801e+003,1.590208e+001
1.017283e+003,1.590098e+001
1.017765e+003,1.590040e+001
1.018247e+003,1.590059e+001
1.018729e+003,1.590150e+001
1.019211e+003,1.590288e+001
1.019693e+003,1.590432e+001
1.020176e+003,1.590539e+001
1.020658e+003,1.590577e+001
1.021140e+003,1.590531e+001
1.021622e+003,1.590404e+001
1.022104e+003,1.590212e+001
1.022586e+003,1.589979e+001
1.023068e+003,1.589729e+001
1.023550e+003,1.589489e+001
1.024033e+003,1.589278e+001
1.024515e+003,1.589114e+001
1.024997e+003,1.589010e+001
1.025479e+003,1.588973e+001
1.025961e+003,1.589005e+001
1.026443e+003,1.589105e+001
1.026925e+003,1.589270e+001
1.027407e+003,1.589495e+001
1.027890e+003,1.589776e+001
1.028372e+003,1.590104e+001
1.028854e+003,1.590464e+001
1.029336e+003,1.590830e+001
1.029818e+003,1.591174e+001
1.030300e+003,1.591461e+001
1.030782e+003,1.591665e+001
1.031264e+003,1.591771e+001
1.031747e+003,1.591781e+001
1.032229e+003,1.591713e+001
1.032711e+003,1.591592e+001
1.033193e+003,1.591446e+001
1.033675e+003,1.591296e+001
1.034157e+003,1.591153e+001
1.034639e+003,1.591016e+001
1.035121e+003,1.590878e+001
1.035604e+003,1.590726e+001
1.036086e+003,1.590548e+001
1.036568e+003,1.590334e+001
1.037050e+003,1.590080e+001
1.037532e+003,1.589787e+001
1.038014e+003,1.589470e+001
1.038496e+003,1.589148e+001
1.038979e+003,1.588847e+001
1.039461e+003,1.588586e+001
1.039943e+003,1.588373e+001
1.040425e+003,1.588190e+001
1.040907e+003,1.588001e+001
1.041389e+003,1.587759e+001
1.041871e+003,1.587418e+001
1.042353e+003,1.586958e+001
1.042835e+003,1.586391e+001
1.043318e+003,1.585765e+001
1.043800e+003,1.585153e+001
1.044282e+003,1.584625e+001
1.044764e+003,1.584233e+001
1.045246e+003,1.583994e+001
1.045728e+003,1.583887e+001
1.046210e+003,1.583871e+001
1.046692e+003,1.583896e+001
1.047175e+003,1.583926e+001
1.047657e+003,1.583947e+001
1.048139e+003,1.583962e+001
1.048621e+003,1.583986e+001
1.049103e+003,1.584031e+001
1.049585e+003,1.584099e+001
1.050067e+003,1.584177e+001
1.050549e+003,1.584240e+001
1.051031e+003,1.584266e+001
1.051514e+003,1.584232e+001
1.051996e+003,1.584128e+001
1.052478e+003,1.583955e+001
1.052960e+003,1.583721e+001
1.053442e+003,1.583447e+001
1.053924e+003,1.583159e+001
1.054406e+003,1.582886e+001
1.054889e+003,1.582658e+001
1.055371e+003,1.582493e+001
1.055853e+003,1.582390e+001
1.056335e+003,1.582328e+001
1.056817e+003,1.582261e+001
1.057299e+003,1.582133e+001
1.057781e+003,1.581889e+001
1.058263e+003,1.581491e+001
1.058746e+003,1.580932e+001
1.059228e+003,1.580235e+001
1.059710e+003,1.579451e+001
1.060192e+003,1.578644e+001
1.060674e+003,1.577885e+001
1.061156e+003,1.577238e+001
1.061638e+003,1.576750e+001
1.062120e+003,1.576453e+001
1.062603e+003,1.576353e+001
1.063085e+003,1.576432e+001
1.063567e+003,1.576644e+001
1.064049e+003,1.576919e+001
1.064531e+003,1.577176e+001
1.065013e+003,1.577339e+001
1.065495e+003,1.577352e+001
1.065977e+003,1.577197e+001
1.066460e+003,1.576897e+001
1.066942e+003,1.576504e+001
1.067424e+003,1.576083e+001
1.067906e+003,1.575693e+001
1.068388e+003,1.575367e+001
1.068870e+003,1.575109e+001
1.069352e+003,1.574905e+001
1.069834e+003,1.574728e+001
1.070317e+003,1.574556e+001
1.070799e+003,1.574375e+001
1.071281e+003,1.574180e+001
1.071763e+003,1.573965e+001
1.072245e+003,1.573720e+001
1.072727e+003,1.573432e+001
1.073209e+003,1.573089e+001
1.073691e+003,1.572690e+001
1.074174e+003,1.572257e+001
1.074656e+003,1.571827e+001
1.075138e+003,1.571450e+001
1.075620e+003,1.571167e+001
1.076102e+003,1.570995e+001
1.076584e+003,1.570922e+001
1.077066e+003,1.570903e+001
1.077548e+003,1.570875e+001
1.078031e+003,1.570767e+001
1.078513e+003,1.570524e+001
1.078995e+003,1.570109e+001
1.079477e+003,1.569511e+001
1.079959e+003,1.568746e+001
1.080441e+003,1.567850e+001
1.080923e+003,1.566872e+001
1.081406e+003,1.565874e+001
1.081888e+003,1.564920e+001
1.082370e+003,1.564066e+001
1.082852e+003,1.563354e+001
1.083334e+003,1.562804e+001
1.083816e+003,1.562409e+001
1.084298e+003,1.562146e+001
1.084780e+003,1.561984e+001
1.085262e+003,1.561896e+001
1.085745e+003,1.561865e+001
1.086227e+003,1.561882e+001
1.086709e+003,1.561946e+001
1.087191e+003,1.562043e+001
1.087673e+003,1.562144e+001
1.088155e+003,1.562202e+001
1.088637e+003,1.562163e+001
1.089119e+003,1.561978e+001
1.089602e+003,1.561620e+001
1.090084e+003,1.561098e+001
1.090566e+003,1.560452e+001
1.091048e+003,1.559747e+001
1.091530e+003,1.559056e+001
1.092012e+003,1.558439e+001
1.092494e+003,1.557937e+001
1.092976e+003,1.557561e+001
1.093458e+003,1.557295e+001
1.093941e+003,1.557106e+001
1.094423e+003,1.556953e+001
1.094905e+003,1.556792e+001
1.095387e+003,1.556592e+001
1.095869e+003,1.556336e+001
1.096351e+003,1.556023e+001
1.096833e+003,1.555668e+001
1.097316e+003,1.555297e+001
1.097798e+003,1.554938e+001
1.098280e+003,1.554609e+001
1.098762e+003,1.554318e+001
1.099244e+003,1.554054e+001
1.099726e+003,1.553797e+001
1.100208e+003,1.553524e+001
1.100690e+003,1.553212e+001
1.101173e+003,1.552856e+001
1.101655e+003,1.552459e+001
1.102137e+003,1.552035e+001
1.102619e+003,1.551600e+001
1.103101e+003,1.551169e+001
1.103583e+003,1.550749e+001
1.104065e+003,1.550344e+001
1.104547e+003,1.549950e+001
1.105030e+003,1.549560e+001
1.105512e+003,1.549161e+001
1.105994e+003,1.548734e+001
1.106476e+003,1.548250e+001
1.106958e+003,1.547683e+001
1.107440e+003,1.547013e+001
1.107922e+003,1.546239e+001
1.108404e+003,1.545387e+001
1.108886e+003,1.544507e+001
1.109369e+003,1.543668e+001
1.109851e+003,1.542938e+001
1.110333e+003,1.542367e+001
1.110815e+003,1.541970e+001
1.111297e+003,1.541727e+001
1.111779e+003,1.541584e+001
1.112261e+003,1.541473e+001
1.112744e+003,1.541322e+001
1.113226e+003,1.541076e+001
1.113708e+003,1.540700e+001
1.114190e+003,1.540180e+001
1.114672e+003,1.539523e+001
1.115154e+003,1.538746e+001
1.115636e+003,1.537872e+001
1.116118e+003,1.536929e+001
1.116601e+003,1.535941e+001
1.117083e+003,1.534930e+001
1.117565e+003,1.533910e+001
1.118047e+003,1.532887e+001
1.118529e+003,1.531864e+001
1.119011e+003,1.530844e+001
1.119493e+003,1.529837e+001
1.119975e+003,1.528860e+001
1.120458e+003,1.527940e+001
1.120940e+003,1.527105e+001
1.121422e+003,1.526372e+001
1.121904e+003,1.525738e+001
1.122386e+003,1.525176e+001
1.122868e+003,1.524643e+001
1.123350e+003,1.524086e+001
1.123832e+003,1.523462e+001
1.124314e+003,1.522747e+001
1.124797e+003,1.521944e+001
1.125279e+003,1.521075e+001
1.125761e+003,1.520174e+001
1.126243e+003,1.519274e+001
1.126725e+003,1.518393e+001
1.127207e+003,1.517539e+001
1.127689e+003,1.516709e+001
1.128172e+003,1.515892e+001
1.128654e+003,1.515076e+001
1.129136e+003,1.514253e+001
1.129618e+003,1.513411e+001
1.130100e+003,1.512542e+001
1.130582e+003,1.511633e+001
1.131064e+003,1.510677e+001
1.131546e+003,1.509668e+001
1.132029e+003,1.508611e+001
1.132511e+003,1.507520e+001
1.132993e+003,1.506413e+001
1.133475e+003,1.505311e+001
1.133957e+003,1.504230e+001
1.134439e+003,1.503174e+001
1.134921e+003,1.502140e+001
1.135403e+003,1.501114e+001
1.135885e+003,1.500078e+001
1.136368e+003,1.499014e+001
1.136850e+003,1.497909e+001
1.137332e+003,1.496754e+001
1.137814e+003,1.495548e+001
1.138296e+003,1.494302e+001
1.138778e+003,1.493035e+001
1.139260e+003,1.491775e+001
1.139742e+003,1.490555e+001
1.140225e+003,1.489408e+001
1.140707e+003,1.488357e+001
1.141189e+003,1.487408e+001
1.141671e+003,1.486551e+001
1.142153e+003,1.485759e+001
1.142635e+003,1.484995e+001
1.143117e+003,1.484224e+001
1.143599e+003,1.483417e+001
1.144082e+003,1.482553e+001
1.144564e+003,1.481627e+001
1.145046e+003,1.480639e+001
1.145528e+003,1.479599e+001
1.146010e+003,1.478520e+001
1.146492e+003,1.477423e+001
1.146974e+003,1.476333e+001
1.147457e+003,1.475279e+001
1.147939e+003,1.474287e+001
1.148421e+003,1.473377e+001
1.148903e+003,1.472553e+001
1.149385e+003,1.471804e+001
1.149867e+003,1.471107e+001
1.150349e+003,1.470436e+001
1.150831e+003,1.469766e+001
1.151313e+003,1.469086e+001
1.151796e+003,1.468396e+001
1.152278e+003,1.467706e+001
1.152760e+003,1.467029e+001
1.153242e+003,1.466373e+001
1.153724e+003,1.465738e+001
1.154206e+003,1.465116e+001
1.154688e+003,1.464490e+001
1.155170e+003,1.463842e+001
1.155653e+003,1.463151e+001
1.156135e+003,1.462401e+001
1.156617e+003,1.461574e+001
1.157099e+003,1.460658e+001
1.157581e+003,1.459650e+001
1.158063e+003,1.458555e+001
1.158545e+003,1.457395e+001
1.159027e+003,1.456208e+001
1.159510e+003,1.455040e+001
1.159992e+003,1.453939e+001
1.160474e+003,1.452944e+001
1.160956e+003,1.452075e+001
1.161438e+003,1.451327e+001
1.161920e+003,1.450681e+001
1.162402e+003,1.450096e+001
1.162885e+003,1.449532e+001
1.163367e+003,1.448948e+001
1.163849e+003,1.448308e+001
1.164331e+003,1.447585e+001
1.164813e+003,1.446760e+001
1.165295e+003,1.445818e+001
1.165777e+003,1.444752e+001
1.166259e+003,1.443563e+001
1.166741e+003,1.442263e+001
1.167224e+003,1.440869e+001
1.167706e+003,1.439402e+001
1.168188e+003,1.437887e+001
1.168670e+003,1.436342e+001
1.169152e+003,1.434784e+001
1.169634e+003,1.433226e+001
1.170116e+003,1.431676e+001
1.170598e+003,1.430143e+001
1.171081e+003,1.428637e+001
1.171563e+003,1.427166e+001
1.172045e+003,1.425743e+001
1.172527e+003,1.424375e+001
1.173009e+003,1.423073e+001
1.173491e+003,1.421845e+001
1.173973e+003,1.420696e+001
1.174455e+003,1.419629e+001
1.174938e+003,1.418635e+001
1.175420e+003,1.417699e+001
1.175902e+003,1.416794e+001
1.176384e+003,1.415887e+001
1.176866e+003,1.414944e+001
1.177348e+003,1.413944e+001
1.177830e+003,1.412877e+001
1.178313e+003,1.411751e+001
1.178795e+003,1.410588e+001
1.179277e+003,1.409414e+001
1.179759e+003,1.408248e+001
1.180241e+003,1.407103e+001
1.180723e+003,1.405977e+001
1.181205e+003,1.404860e+001
1.181687e+003,1.403743e+001
1.182169e+003,1.402621e+001
1.182652e+003,1.401496e+001
1.183134e+003,1.400378e+001
1.183616e+003,1.399279e+001
1.184098e+003,1.398208e+001
1.184580e+003,1.397171e+001
1.185062e+003,1.396169e+001
1.185544e+003,1.395201e+001
1.186026e+003,1.394266e+001
1.186509e+003,1.393366e+001
1.186991e+003,1.392501e+001
1.187473e+003,1.391671e+001
1.187955e+003,1.390873e+001
1.188437e+003,1.390100e+001
1.188919e+003,1.389341e+001
1.189401e+003,1.388587e+001
1.189883e+003,1.387832e+001
1.190366e+003,1.387066e+001
1.190848e+003,1.386284e+001
1.191330e+003,1.385478e+001
1.191812e+003,1.384640e+001
1.192294e+003,1.383763e+001
1.192776e+003,1.382848e+001
1.193258e+003,1.381902e+001
1.193740e+003,1.380945e+001
1.194223e+003,1.380001e+001
1.194705e+003,1.379094e+001
1.195187e+003,1.378237e+001
1.195669e+003,1.377434e+001
1.196151e+003,1.376672e+001
1.196633e+003,1.375933e+001
1.197115e+003,1.375198e+001
1.197597e+003,1.374455e+001
1.198080e+003,1.373702e+001
1.198562e+003,1.372947e+001
1.199044e+003,1.372197e+001
1.199526e+003,1.371459e+001
1.200008e+003,1.370729e+001
1.200490e+003,1.369998e+001
1.200972e+003,1.369252e+001
1.201454e+003,1.368482e+001
1.201937e+003,1.367687e+001
1.202419e+003,1.366874e+001
1.202901e+003,1.366059e+001
1.203383e+003,1.365263e+001
1.203865e+003,1.364505e+001
1.204347e+003,1.363802e+001
1.204829e+003,1.363164e+001
1.205312e+003,1.362599e+001
1.205794e+003,1.362112e+001
1.206276e+003,1.361700e+001
1.206758e+003,1.361359e+001
1.207240e+003,1.361076e+001
1.207722e+003,1.360830e+001
1.208204e+003,1.360596e+001
1.208686e+003,1.360349e+001
1.209168e+003,1.360065e+001
1.209651e+003,1.359727e+001
1.210133e+003,1.359325e+001
1.210615e+003,1.358856e+001
1.211097e+003,1.358321e+001
1.211579e+003,1.357725e+001
1.212061e+003,1.357072e+001
1.212543e+003,1.356368e+001
1.213025e+003,1.355619e+001
1.213508e+003,1.354834e+001
1.213990e+003,1.354022e+001
1.214472e+003,1.353195e+001
1.214954e+003,1.352365e+001
1.215436e+003,1.351547e+001
1.215918e+003,1.350753e+001
1.216400e+003,1.349996e+001
1.216882e+003,1.349285e+001
1.217365e+003,1.348620e+001
1.217847e+003,1.347991e+001
1.218329e+003,1.347379e+001
1.218811e+003,1.346754e+001
1.219293e+003,1.346086e+001
1.219775e+003,1.345348e+001
1.220257e+003,1.344528e+001
1.220740e+003,1.343633e+001
1.221222e+003,1.342687e+001
1.221704e+003,1.341731e+001
1.222186e+003,1.340811e+001
1.222668e+003,1.339973e+001
1.223150e+003,1.339249e+001
1.223632e+003,1.338659e+001
1.224114e+003,1.338205e+001
1.224596e+003,1.337868e+001
1.225079e+003,1.337617e+001
1.225561e+003,1.337407e+001
1.226043e+003,1.337187e+001
1.226525e+003,1.336905e+001
1.227007e+003,1.336519e+001
1.227489e+003,1.336005e+001
1.227971e+003,1.335357e+001
1.228453e+003,1.334594e+001
1.228936e+003,1.333750e+001
1.229418e+003,1.332866e+001
1.229900e+003,1.331981e+001
1.230382e+003,1.331119e+001
1.230864e+003,1.330291e+001
1.231346e+003,1.329494e+001
1.231828e+003,1.328718e+001
1.232310e+003,1.327959e+001
1.232792e+003,1.327217e+001
1.233275e+003,1.326503e+001
1.233757e+003,1.325833e+001
1.234239e+003,1.325220e+001
1.234721e+003,1.324675e+001
1.235203e+003,1.324195e+001
1.235685e+003,1.323771e+001
1.236167e+003,1.323385e+001
1.236650e+003,1.323017e+001
1.237132e+003,1.322647e+001
1.237614e+003,1.322257e+001
1.238096e+003,1.321833e+001
1.238578e+003,1.321366e+001
1.239060e+003,1.320854e+001
1.239542e+003,1.320302e+001
1.240024e+003,1.319720e+001
1.240507e+003,1.319125e+001
1.240989e+003,1.318533e+001
1.241471e+003,1.317957e+001
1.241953e+003,1.317406e+001
1.242435e+003,1.316882e+001
1.242917e+003,1.316384e+001
1.243399e+003,1.315913e+001
1.243881e+003,1.315474e+001
1.244364e+003,1.315077e+001
1.244846e+003,1.314733e+001
1.245328e+003,1.314451e+001
1.245810e+003,1.314231e+001
1.246292e+003,1.314059e+001
1.246774e+003,1.313913e+001
1.247256e+003,1.313764e+001
1.247738e+003,1.313589e+001
1.248220e+003,1.313375e+001
1.248703e+003,1.313125e+001
1.249185e+003,1.312857e+001
1.249667e+003,1.312600e+001
1.250149e+003,1.312382e+001
1.250631e+003,1.312228e+001
1.251113e+003,1.312149e+001
1.251595e+003,1.312142e+001
1.252078e+003,1.312190e+001
1.252560e+003,1.312266e+001
1.253042e+003,1.312337e+001
1.253524e+003,1.312373e+001
1.254006e+003,1.312350e+001
1.254488e+003,1.312257e+001
1.254970e+003,1.312099e+001
1.255452e+003,1.311892e+001
1.255935e+003,1.311664e+001
1.256417e+003,1.311447e+001
1.256899e+003,1.311268e+001
1.257381e+003,1.311139e+001
1.257863e+003,1.311065e+001
1.258345e+003,1.311033e+001
1.258827e+003,1.311025e+001
1.259309e+003,1.311025e+001
1.259792e+003,1.311020e+001
1.260274e+003,1.311006e+001
1.260756e+003,1.310989e+001
1.261238e+003,1.310975e+001
1.261720e+003,1.310971e+001
1.262202e+003,1.310978e+001
1.262684e+003,1.310991e+001
1.263166e+003,1.310998e+001
1.263648e+003,1.310987e+001
1.264131e+003,1.310945e+001
1.264613e+003,1.310863e+001
1.265095e+003,1.310735e+001
1.265577e+003,1.310559e+001
1.266059e+003,1.310339e+001
1.266541e+003,1.310079e+001
1.267023e+003,1.309785e+001
1.267505e+003,1.309465e+001
1.267988e+003,1.309125e+001
1.268470e+003,1.308768e+001
1.268952e+003,1.308397e+001
1.269434e+003,1.308015e+001
1.269916e+003,1.307627e+001
1.270398e+003,1.307243e+001
1.270880e+003,1.306876e+001
1.271363e+003,1.306541e+001
1.271845e+003,1.306253e+001
1.272327e+003,1.306017e+001
1.272809e+003,1.305830e+001
1.273291e+003,1.305679e+001
1.273773e+003,1.305543e+001
1.274255e+003,1.305404e+001
1.274737e+003,1.305251e+001
1.275219e+003,1.305085e+001
1.275702e+003,1.304918e+001
1.276184e+003,1.304771e+001
1.276666e+003,1.304661e+001
1.277148e+003,1.304598e+001
1.277630e+003,1.304575e+001
1.278112e+003,1.304575e+001
1.278594e+003,1.304567e+001
1.279076e+003,1.304522e+001
1.279559e+003,1.304413e+001
1.280041e+003,1.304229e+001
1.280523e+003,1.303973e+001
1.281005e+003,1.303664e+001
1.281487e+003,1.303329e+001
1.281969e+003,1.303003e+001
1.282451e+003,1.302717e+001
1.282933e+003,1.302495e+001
1.283416e+003,1.302352e+001
1.283898e+003,1.302287e+001
1.284380e+003,1.302288e+001
1.284862e+003,1.302330e+001
1.285344e+003,1.302383e+001
1.285826e+003,1.302415e+001
1.286308e+003,1.302396e+001
1.286791e+003,1.302303e+001
1.287273e+003,1.302124e+001
1.287755e+003,1.301857e+001
1.288237e+003,1.301513e+001
1.288719e+003,1.301110e+001
1.289201e+003,1.300675e+001
1.289683e+003,1.300237e+001
1.290165e+003,1.299826e+001
1.290647e+003,1.299462e+001
1.291130e+003,1.299159e+001
1.291612e+003,1.298915e+001
1.292094e+003,1.298713e+001
1.292576e+003,1.298525e+001
1.293058e+003,1.298317e+001
1.293540e+003,1.298056e+001
1.294022e+003,1.297719e+001
1.294504e+003,1.297295e+001
1.294987e+003,1.296784e+001
1.295469e+003,1.296201e+001
1.295951e+003,1.295564e+001
1.296433e+003,1.294894e+001
1.296915e+003,1.294210e+001
1.297397e+003,1.293525e+001
1.297879e+003,1.292851e+001
1.298361e+003,1.292198e+001
1.298844e+003,1.291574e+001
1.299326e+003,1.290987e+001
1.299808e+003,1.290437e+001
1.300290e+003,1.289921e+001
1.300772e+003,1.289425e+001
1.301254e+003,1.288932e+001
1.301736e+003,1.288418e+001
1.302219e+003,1.287861e+001
1.302701e+003,1.287245e+001
1.303183e+003,1.286565e+001
1.303665e+003,1.285826e+001
1.304147e+003,1.285046e+001
1.304629e+003,1.284249e+001
1.305111e+003,1.283463e+001
1.305593e+003,1.282712e+001
1.306075e+003,1.282011e+001
1.306558e+003,1.281363e+001
1.307040e+003,1.280762e+001
1.307522e+003,1.280191e+001
1.308004e+003,1.279632e+001
1.308486e+003,1.279067e+001
1.308968e+003,1.278489e+001
1.309450e+003,1.277899e+001
1.309932e+003,1.277305e+001
1.310415e+003,1.276721e+001
1.310897e+003,1.276160e+001
1.311379e+003,1.275623e+001
1.311861e+003,1.275104e+001
1.312343e+003,1.274585e+001
1.312825e+003,1.274047e+001
1.313307e+003,1.273468e+001
1.313789e+003,1.272836e+001
1.314272e+003,1.272151e+001
1.314754e+003,1.271421e+001
1.315236e+003,1.270665e+001
1.315718e+003,1.269903e+001
1.316200e+003,1.269155e+001
1.316682e+003,1.268432e+001
1.317164e+003,1.267745e+001
1.317646e+003,1.267096e+001
1.318129e+003,1.266487e+001
1.318611e+003,1.265916e+001
1.319093e+003,1.265385e+001
1.319575e+003,1.264894e+001
1.320057e+003,1.264442e+001
1.320539e+003,1.264028e+001
1.321021e+003,1.263643e+001
1.321503e+003,1.263275e+001
1.321986e+003,1.262906e+001
1.322468e+003,1.262517e+001
1.322950e+003,1.262087e+001
1.323432e+003,1.261600e+001
1.323914e+003,1.261052e+001
1.324396e+003,1.260449e+001
1.324878e+003,1.259810e+001
1.325360e+003,1.259166e+001
1.325843e+003,1.258551e+001
1.326325e+003,1.257995e+001
1.326807e+003,1.257522e+001
1.327289e+003,1.257143e+001
1.327771e+003,1.256853e+001
1.328253e+003,1.256637e+001
1.328735e+003,1.256472e+001
1.329218e+003,1.256332e+001
1.329700e+003,1.256191e+001
1.330182e+003,1.256023e+001
1.330664e+003,1.255807e+001
1.331146e+003,1.255528e+001
1.331628e+003,1.255175e+001
1.332110e+003,1.254745e+001
1.332592e+003,1.254247e+001
1.333074e+003,1.253696e+001
1.333557e+003,1.253115e+001
1.334039e+003,1.252526e+001
1.334521e+003,1.251949e+001
1.335003e+003,1.251392e+001
1.335485e+003,1.250851e+001
1.335967e+003,1.250312e+001
1.336449e+003,1.249756e+001
1.336931e+003,1.249164e+001
1.337414e+003,1.248526e+001
1.337896e+003,1.247846e+001
1.338378e+003,1.247143e+001
1.338860e+003,1.246449e+001
1.339342e+003,1.245799e+001
1.339824e+003,1.245223e+001
1.340306e+003,1.244739e+001
1.340788e+003,1.244350e+001
1.341271e+003,1.244045e+001
1.341753e+003,1.243803e+001
1.342235e+003,1.243604e+001
1.342717e+003,1.243424e+001
1.343199e+003,1.243246e+001
1.343681e+003,1.243056e+001
1.344163e+003,1.242842e+001
1.344646e+003,1.242599e+001
1.345128e+003,1.242324e+001
1.345610e+003,1.242019e+001
1.346092e+003,1.241684e+001
1.346574e+003,1.241322e+001
1.347056e+003,1.240935e+001
1.347538e+003,1.240522e+001
1.348020e+003,1.240085e+001
1.348502e+003,1.239625e+001
1.348985e+003,1.239147e+001
1.349467e+003,1.238661e+001
1.349949e+003,1.238181e+001
1.350431e+003,1.237724e+001
1.350913e+003,1.237310e+001
1.351395e+003,1.236954e+001
1.351877e+003,1.236669e+001
1.352359e+003,1.236460e+001
1.352842e+003,1.236322e+001
1.353324e+003,1.236247e+001
1.353806e+003,1.236216e+001
1.354288e+003,1.236208e+001
1.354770e+003,1.236201e+001
1.355252e+003,1.236179e+001
1.355734e+003,1.236135e+001
1.356216e+003,1.236069e+001
1.356698e+003,1.235993e+001
1.357181e+003,1.235920e+001
1.357663e+003,1.235866e+001
1.358145e+003,1.235839e+001
1.358627e+003,1.235839e+001
1.359109e+003,1.235860e+001
1.359591e+003,1.235898e+001
1.360073e+003,1.235949e+001
1.360556e+003,1.236023e+001
1.361038e+003,1.236144e+001
1.361520e+003,1.236345e+001
1.362002e+003,1.236655e+001
1.362484e+003,1.237092e+001
1.362966e+003,1.237644e+001
1.363448e+003,1.238279e+001
1.363930e+003,1.238947e+001
1.364413e+003,1.239602e+001
1.364895e+003,1.240214e+001
1.365377e+003,1.240780e+001
1.365859e+003,1.241318e+001
1.366341e+003,1.241858e+001
1.366823e+003,1.242437e+001
1.367305e+003,1.243081e+001
1.367787e+003,1.243794e+001
1.368270e+003,1.244562e+001
1.368752e+003,1.245347e+001
1.369234e+003,1.246104e+001
1.369716e+003,1.246794e+001
1.370198e+003,1.247399e+001
1.370680e+003,1.247927e+001
1.371162e+003,1.248417e+001
1.371644e+003,1.248930e+001
1.372126e+003,1.249541e+001
1.372609e+003,1.250322e+001
1.373091e+003,1.251325e+001
1.373573e+003,1.252567e+001
1.374055e+003,1.254023e+001
1.374537e+003,1.255627e+001
1.375019e+003,1.257298e+001
1.375501e+003,1.258964e+001
1.375984e+003,1.260582e+001
1.376466e+003,1.262144e+001
1.376948e+003,1.263669e+001
1.377430e+003,1.265192e+001
1.377912e+003,1.266751e+001
1.378394e+003,1.268374e+001
1.378876e+003,1.270080e+001
1.379358e+003,1.271873e+001
1.379841e+003,1.273745e+001
1.380323e+003,1.275675e+001
1.380805e+003,1.277635e+001
1.381287e+003,1.279582e+001
1.381769e+003,1.281471e+001
1.382251e+003,1.283253e+001
1.382733e+003,1.284895e+001
1.383215e+003,1.286383e+001
1.383698e+003,1.287737e+001
1.384180e+003,1.289011e+001
1.384662e+003,1.290287e+001
1.385144e+003,1.291666e+001
1.385626e+003,1.293249e+001
1.386108e+003,1.295109e+001
1.386590e+003,1.297269e+001
1.387072e+003,1.299690e+001
1.387554e+003,1.302268e+001
1.388037e+003,1.304868e+001
1.388519e+003,1.307349e+001
1.389001e+003,1.309607e+001
1.389483e+003,1.311579e+001
1.389965e+003,1.313252e+001
1.390447e+003,1.314649e+001
1.390929e+003,1.315821e+001
1.391411e+003,1.316840e+001
1.391894e+003,1.317786e+001
1.392376e+003,1.318746e+001
1.392858e+003,1.319792e+001
1.393340e+003,1.320974e+001
1.393822e+003,1.322293e+001
1.394304e+003,1.323698e+001
1.394786e+003,1.325101e+001
1.395269e+003,1.326400e+001
1.395751e+003,1.327524e+001
1.396233e+003,1.328454e+001
1.396715e+003,1.329229e+001
1.397197e+003,1.329924e+001
1.397679e+003,1.330621e+001
1.398161e+003,1.331370e+001
1.398643e+003,1.332174e+001
1.399125e+003,1.332972e+001
1.399608e+003,1.333669e+001
1.400090e+003,1.334161e+001
1.400572e+003,1.334379e+001
1.401054e+003,1.334306e+001
1.401536e+003,1.333982e+001
1.402018e+003,1.333489e+001
1.402500e+003,1.332929e+001
1.402982e+003,1.332409e+001
1.403465e+003,1.332009e+001
1.403947e+003,1.331777e+001
1.404429e+003,1.331711e+001
1.404911e+003,1.331762e+001
1.405393e+003,1.331857e+001
1.405875e+003,1.331919e+001
1.406357e+003,1.331892e+001
1.406839e+003,1.331752e+001
1.407322e+003,1.331498e+001
1.407804e+003,1.331152e+001
1.408286e+003,1.330736e+001
1.408768e+003,1.330272e+001
1.409250e+003,1.329777e+001
1.409732e+003,1.329259e+001
1.410214e+003,1.328723e+001
1.410697e+003,1.328167e+001
1.411179e+003,1.327585e+001
1.411661e+003,1.326963e+001
1.412143e+003,1.326281e+001
1.412625e+003,1.325516e+001
1.413107e+003,1.324642e+001
1.413589e+003,1.323641e+001
1.414071e+003,1.322500e+001
1.414553e+003,1.321222e+001
1.415036e+003,1.319821e+001
1.415518e+003,1.318326e+001
1.416000e+003,1.316784e+001
1.416482e+003,1.315259e+001
1.416964e+003,1.313826e+001
1.417446e+003,1.312568e+001
1.417928e+003,1.311546e+001
1.418410e+003,1.310765e+001
1.418893e+003,1.310159e+001
1.419375e+003,1.309587e+001
1.419857e+003,1.308893e+001
1.420339e+003,1.307951e+001
1.420821e+003,1.306704e+001
1.421303e+003,1.305162e+001
1.421785e+003,1.303377e+001
1.422267e+003,1.301423e+001
1.422750e+003,1.299378e+001
1.423232e+003,1.297306e+001
1.423714e+003,1.295254e+001
1.424196e+003,1.293244e+001
1.424678e+003,1.291276e+001
1.425160e+003,1.289337e+001
1.425642e+003,1.287410e+001
1.426125e+003,1.285488e+001
1.426607e+003,1.283572e+001
1.427089e+003,1.281677e+001
1.427571e+003,1.279829e+001
1.428053e+003,1.278057e+001
1.428535e+003,1.276384e+001
1.429017e+003,1.274828e+001
1.429499e+003,1.273386e+001
1.429981e+003,1.272031e+001
1.430464e+003,1.270716e+001
1.430946e+003,1.269384e+001
1.431428e+003,1.267979e+001
1.431910e+003,1.266458e+001
1.432392e+003,1.264800e+001
1.432874e+003,1.263009e+001
1.433356e+003,1.261113e+001
1.433838e+003,1.259155e+001
1.434321e+003,1.257198e+001
1.434803e+003,1.255310e+001
1.435285e+003,1.253564e+001
1.435767e+003,1.252011e+001
1.436249e+003,1.250664e+001
1.436731e+003,1.249481e+001
1.437213e+003,1.248381e+001
1.437696e+003,1.247266e+001
1.438177e+003,1.246064e+001
1.438660e+003,1.244739e+001
1.439142e+003,1.243292e+001
1.439624e+003,1.241746e+001
1.440106e+003,1.240133e+001
1.440588e+003,1.238487e+001
1.441070e+003,1.236835e+001
1.441552e+003,1.235196e+001
1.442035e+003,1.233575e+001
1.442517e+003,1.231963e+001
1.442999e+003,1.230342e+001
1.443481e+003,1.228689e+001
1.443963e+003,1.226987e+001
1.444445e+003,1.225231e+001
1.444927e+003,1.223434e+001
1.445409e+003,1.221632e+001
1.445892e+003,1.219873e+001
1.446374e+003,1.218218e+001
1.446856e+003,1.216723e+001
1.447338e+003,1.215425e+001
1.447820e+003,1.214329e+001
1.448302e+003,1.213403e+001
1.448784e+003,1.212586e+001
1.449266e+003,1.211808e+001
1.449749e+003,1.210999e+001
1.450231e+003,1.210108e+001
1.450713e+003,1.209105e+001
1.451195e+003,1.207977e+001
1.451677e+003,1.206728e+001
1.452159e+003,1.205374e+001
1.452641e+003,1.203942e+001
1.453124e+003,1.202466e+001
1.453605e+003,1.200988e+001
1.454088e+003,1.199564e+001
1.454570e+003,1.198267e+001
1.455052e+003,1.197193e+001
1.455534e+003,1.196466e+001
1.456016e+003,1.196211e+001
1.456498e+003,1.196501e+001
1.456980e+003,1.197289e+001
1.457463e+003,1.198378e+001
1.457945e+003,1.199488e+001
1.458427e+003,1.200386e+001
1.458909e+003,1.200962e+001
1.459391e+003,1.201218e+001
1.459873e+003,1.201216e+001
1.460355e+003,1.201034e+001
1.460837e+003,1.200749e+001
1.461320e+003,1.200435e+001
1.461802e+003,1.200159e+001
1.462284e+003,1.199997e+001
1.462766e+003,1.200022e+001
1.463248e+003,1.200301e+001
1.463730e+003,1.200878e+001
1.464212e+003,1.201749e+001
1.464694e+003,1.202851e+001
1.465177e+003,1.204064e+001
1.465659e+003,1.205250e+001
1.466141e+003,1.206287e+001
1.466623e+003,1.207097e+001
1.467105e+003,1.207654e+001
1.467587e+003,1.207968e+001
1.468069e+003,1.208071e+001
1.468552e+003,1.208012e+001
1.469033e+003,1.207847e+001
1.469516e+003,1.207648e+001
1.469998e+003,1.207504e+001
1.470480e+003,1.207519e+001
1.470962e+003,1.207807e+001
1.471444e+003,1.208460e+001
1.471926e+003,1.209511e+001
1.472408e+003,1.210907e+001
1.472891e+003,1.212507e+001
1.473373e+003,1.214143e+001
1.473855e+003,1.215683e+001
1.474337e+003,1.217071e+001
1.474819e+003,1.218316e+001
1.475301e+003,1.219456e+001
1.475783e+003,1.220521e+001
1.476265e+003,1.221512e+001
1.476748e+003,1.222407e+001
1.477230e+003,1.223172e+001
1.477712e+003,1.223787e+001
1.478194e+003,1.224261e+001
1.478676e+003,1.224634e+001
1.479158e+003,1.224972e+001
1.479640e+003,1.225348e+001
1.480122e+003,1.225828e+001
1.480604e+003,1.226444e+001
1.481087e+003,1.227190e+001
1.481569e+003,1.228016e+001
1.482051e+003,1.228851e+001
1.482533e+003,1.229620e+001
1.483015e+003,1.230273e+001
1.483497e+003,1.230793e+001
1.483979e+003,1.231197e+001
1.484461e+003,1.231524e+001
1.484944e+003,1.231825e+001
1.485426e+003,1.232147e+001
1.485908e+003,1.232533e+001
1.486390e+003,1.233022e+001
1.486872e+003,1.233659e+001
1.487354e+003,1.234503e+001
1.487836e+003,1.235626e+001
1.488319e+003,1.237100e+001
1.488801e+003,1.238959e+001
1.489283e+003,1.241150e+001
1.489765e+003,1.243514e+001
1.490247e+003,1.245809e+001
1.490729e+003,1.247783e+001
1.491211e+003,1.249259e+001
1.491693e+003,1.250169e+001
1.492176e+003,1.250554e+001
1.492658e+003,1.250531e+001
1.493140e+003,1.250249e+001
1.493622e+003,1.249876e+001
1.494104e+003,1.249574e+001
1.494586e+003,1.249498e+001
1.495068e+003,1.249776e+001
1.495550e+003,1.250493e+001
1.496032e+003,1.251660e+001
1.496515e+003,1.253206e+001
1.496997e+003,1.254982e+001
1.497479e+003,1.256808e+001
1.497961e+003,1.258520e+001
1.498443e+003,1.260008e+001
1.498925e+003,1.261220e+001
1.499407e+003,1.262138e+001
1.499890e+003,1.262760e+001
1.500372e+003,1.263079e+001
1.500854e+003,1.263080e+001
1.501336e+003,1.262745e+001
1.501818e+003,1.262063e+001
1.502300e+003,1.261036e+001
1.502782e+003,1.259690e+001
1.503264e+003,1.258084e+001
1.503747e+003,1.256329e+001
1.504229e+003,1.254610e+001
1.504711e+003,1.253220e+001
1.505193e+003,1.252579e+001
1.505675e+003,1.253177e+001
1.506157e+003,1.255373e+001
1.506639e+003,1.259057e+001
1.507121e+003,1.263490e+001
1.507604e+003,1.267631e+001
1.508086e+003,1.270734e+001
1.508568e+003,1.272613e+001
1.509050e+003,1.273486e+001
1.509532e+003,1.273705e+001
1.510014e+003,1.273587e+001
1.510496e+003,1.273350e+001
1.510979e+003,1.273108e+001
1.511460e+003,1.272887e+001
1.511943e+003,1.272654e+001
1.512425e+003,1.272347e+001
1.512907e+003,1.271911e+001
1.513389e+003,1.271328e+001
1.513871e+003,1.270630e+001
1.514353e+003,1.269897e+001
1.514835e+003,1.269235e+001
1.515318e+003,1.268745e+001
1.515800e+003,1.268475e+001
1.516282e+003,1.268387e+001
1.516764e+003,1.268346e+001
1.517246e+003,1.268164e+001
1.517728e+003,1.267676e+001
1.518210e+003,1.266804e+001
1.518692e+003,1.265590e+001
1.519175e+003,1.264185e+001
1.519657e+003,1.262812e+001
1.520139e+003,1.261718e+001
1.520621e+003,1.261100e+001
1.521103e+003,1.261013e+001
1.521585e+003,1.261325e+001
1.522067e+003,1.261763e+001
1.522549e+003,1.262037e+001
1.523031e+003,1.261968e+001
1.523514e+003,1.261528e+001
1.523996e+003,1.260806e+001
1.524478e+003,1.259945e+001
1.524960e+003,1.259091e+001
1.525442e+003,1.258352e+001
1.525924e+003,1.257777e+001
1.526406e+003,1.257350e+001
1.526888e+003,1.257004e+001
1.527371e+003,1.256641e+001
1.527853e+003,1.256167e+001
1.528335e+003,1.255514e+001
1.528817e+003,1.254652e+001
1.529299e+003,1.253593e+001
1.529781e+003,1.252388e+001
1.530263e+003,1.251131e+001
1.530746e+003,1.249958e+001
1.531228e+003,1.249046e+001
1.531710e+003,1.248594e+001
1.532192e+003,1.248771e+001
1.532674e+003,1.249637e+001
1.533156e+003,1.251060e+001
1.533638e+003,1.252703e+001
1.534120e+003,1.254133e+001
1.534603e+003,1.254983e+001
1.535085e+003,1.255068e+001
1.535567e+003,1.254393e+001
1.536049e+003,1.253094e+001
1.536531e+003,1.251379e+001
1.537013e+003,1.249489e+001
1.537495e+003,1.247697e+001
1.537977e+003,1.246312e+001
1.538459e+003,1.245669e+001
1.538942e+003,1.246059e+001
1.539424e+003,1.247578e+001
1.539906e+003,1.249957e+001
1.540388e+003,1.252564e+001
1.540870e+003,1.254690e+001
1.541352e+003,1.255906e+001
1.541834e+003,1.256174e+001
1.542316e+003,1.255709e+001
1.542799e+003,1.254791e+001
1.543281e+003,1.253648e+001
1.543763e+003,1.252410e+001
1.544245e+003,1.251121e+001
1.544727e+003,1.249767e+001
1.545209e+003,1.248311e+001
1.545691e+003,1.246727e+001
1.546174e+003,1.245017e+001
1.546656e+003,1.243215e+001
1.547138e+003,1.241381e+001
1.547620e+003,1.239583e+001
1.548102e+003,1.237886e+001
1.548584e+003,1.236334e+001
1.549066e+003,1.234934e+001
1.549548e+003,1.233646e+001
1.550031e+003,1.232395e+001
1.550513e+003,1.231085e+001
1.550995e+003,1.229634e+001
1.551477e+003,1.227989e+001
1.551959e+003,1.226140e+001
1.552441e+003,1.224106e+001
1.552923e+003,1.221924e+001
1.553405e+003,1.219633e+001
1.553887e+003,1.217263e+001
1.554370e+003,1.214825e+001
1.554852e+003,1.212324e+001
1.555334e+003,1.209762e+001
1.555816e+003,1.207163e+001
1.556298e+003,1.204599e+001
1.556780e+003,1.202217e+001
1.557262e+003,1.200262e+001
1.557744e+003,1.199062e+001
1.558227e+003,1.198882e+001
1.558709e+003,1.199646e+001
1.559191e+003,1.200763e+001
1.559673e+003,1.201443e+001
1.560155e+003,1.201222e+001
1.560637e+003,1.200106e+001
1.561119e+003,1.198352e+001
1.561602e+003,1.196239e+001
1.562083e+003,1.193985e+001
1.562566e+003,1.191732e+001
1.563048e+003,1.189564e+001
1.563530e+003,1.187521e+001
1.564012e+003,1.185602e+001
1.564494e+003,1.183777e+001
1.564976e+003,1.181990e+001
1.565458e+003,1.180179e+001
1.565941e+003,1.178296e+001
1.566423e+003,1.176321e+001
1.566905e+003,1.174270e+001
1.567387e+003,1.172198e+001
1.567869e+003,1.170190e+001
1.568351e+003,1.168344e+001
1.568833e+003,1.166742e+001
1.569315e+003,1.165409e+001
1.569798e+003,1.164289e+001
1.570280e+003,1.163253e+001
1.570762e+003,1.162158e+001
1.571244e+003,1.160892e+001
1.571726e+003,1.159406e+001
1.572208e+003,1.157714e+001
1.572690e+003,1.155865e+001
1.573172e+003,1.153941e+001
1.573655e+003,1.152037e+001
1.574137e+003,1.150265e+001
1.574619e+003,1.148741e+001
1.575101e+003,1.147565e+001
1.575583e+003,1.146783e+001
1.576065e+003,1.146344e+001
1.576547e+003,1.146105e+001
1.577030e+003,1.145881e+001
1.577511e+003,1.145527e+001
1.577994e+003,1.144976e+001
1.578476e+003,1.144238e+001
1.578958e+003,1.143364e+001
1.579440e+003,1.142424e+001
1.579922e+003,1.141479e+001
1.580404e+003,1.140575e+001
1.580886e+003,1.139738e+001
1.581369e+003,1.138968e+001
1.581851e+003,1.138250e+001
1.582333e+003,1.137559e+001
1.582815e+003,1.136868e+001
1.583297e+003,1.136161e+001
1.583779e+003,1.135429e+001
1.584261e+003,1.134676e+001
1.584743e+003,1.133913e+001
1.585226e+003,1.133149e+001
1.585708e+003,1.132393e+001
1.586190e+003,1.131650e+001
1.586672e+003,1.130927e+001
1.587154e+003,1.130231e+001
1.587636e+003,1.129568e+001
1.588118e+003,1.128948e+001
1.588600e+003,1.128372e+001
1.589083e+003,1.127839e+001
1.589565e+003,1.127337e+001
1.590047e+003,1.126854e+001
1.590529e+003,1.126376e+001
1.591011e+003,1.125896e+001
1.591493e+003,1.125410e+001
1.591975e+003,1.124924e+001
1.592458e+003,1.124444e+001
1.592939e+003,1.123976e+001
1.593422e+003,1.123522e+001
1.593904e+003,1.123080e+001
1.594386e+003,1.122646e+001
1.594868e+003,1.122214e+001
1.595350e+003,1.121781e+001
1.595832e+003,1.121346e+001
1.596314e+003,1.120909e+001
1.596797e+003,1.120470e+001
1.597279e+003,1.120025e+001
1.597761e+003,1.119570e+001
1.598243e+003,1.119101e+001
1.598725e+003,1.118615e+001
1.599207e+003,1.118110e+001
1.599689e+003,1.117590e+001
1.600171e+003,1.117060e+001
1.600654e+003,1.116527e+001
1.601136e+003,1.115999e+001
1.601618e+003,1.115482e+001
1.602100e+003,1.114981e+001
1.602582e+003,1.114495e+001
1.603064e+003,1.114021e+001
1.603546e+003,1.113553e+001
1.604028e+003,1.113081e+001
1.604510e+003,1.112597e+001
1.604993e+003,1.112097e+001
1.605475e+003,1.111580e+001
1.605957e+003,1.111058e+001
1.606439e+003,1.110543e+001
1.606921e+003,1.110055e+001
1.607403e+003,1.109610e+001
1.607885e+003,1.109218e+001
1.608367e+003,1.108879e+001
1.608850e+003,1.108582e+001
1.609332e+003,1.108306e+001
1.609814e+003,1.108020e+001
1.610296e+003,1.107693e+001
1.610778e+003,1.107294e+001
1.611260e+003,1.106797e+001
1.611742e+003,1.106183e+001
1.612225e+003,1.105449e+001
1.612707e+003,1.104609e+001
1.613189e+003,1.103697e+001
1.613671e+003,1.102775e+001
1.614153e+003,1.101931e+001
1.614635e+003,1.101275e+001
1.615117e+003,1.100921e+001
1.615599e+003,1.100951e+001
1.616082e+003,1.101360e+001
1.616564e+003,1.102021e+001
1.617046e+003,1.102703e+001
1.617528e+003,1.103161e+001
1.618010e+003,1.103231e+001
1.618492e+003,1.102865e+001
1.618974e+003,1.102121e+001
1.619456e+003,1.101111e+001
1.619938e+003,1.099967e+001
1.620421e+003,1.098828e+001
1.620903e+003,1.097826e+001
1.621385e+003,1.097085e+001
1.621867e+003,1.096699e+001
1.622349e+003,1.096704e+001
1.622831e+003,1.097051e+001
1.623313e+003,1.097608e+001
1.623796e+003,1.098192e+001
1.624278e+003,1.098631e+001
1.624760e+003,1.098824e+001
1.625242e+003,1.098754e+001
1.625724e+003,1.098477e+001
1.626206e+003,1.098093e+001
1.626688e+003,1.097709e+001
1.627170e+003,1.097415e+001
1.627653e+003,1.097257e+001
1.628135e+003,1.097229e+001
1.628617e+003,1.097278e+001
1.629099e+003,1.097325e+001
1.629581e+003,1.097289e+001
1.630063e+003,1.097112e+001
1.630545e+003,1.096767e+001
1.631027e+003,1.096252e+001
1.631510e+003,1.095587e+001
1.631992e+003,1.094810e+001
1.632474e+003,1.093972e+001
1.632956e+003,1.093150e+001
1.633438e+003,1.092451e+001
1.633920e+003,1.092014e+001
1.634402e+003,1.091995e+001
1.634885e+003,1.092513e+001
1.635366e+003,1.093564e+001
1.635849e+003,1.094971e+001
1.636331e+003,1.096425e+001
1.636813e+003,1.097630e+001
1.637295e+003,1.098420e+001
1.637777e+003,1.098780e+001
1.638259e+003,1.098787e+001
1.638741e+003,1.098551e+001
1.639224e+003,1.098166e+001
1.639706e+003,1.097698e+001
1.640188e+003,1.097176e+001
1.640670e+003,1.096601e+001
1.641152e+003,1.095961e+001
1.641634e+003,1.095234e+001
1.642116e+003,1.094410e+001
1.642598e+003,1.093495e+001
1.643081e+003,1.092517e+001
1.643563e+003,1.091533e+001
1.644045e+003,1.090634e+001
1.644527e+003,1.089945e+001
1.645009e+003,1.089621e+001
1.645491e+003,1.089811e+001
1.645973e+003,1.090591e+001
1.646455e+003,1.091872e+001
1.646938e+003,1.093365e+001
1.647420e+003,1.094666e+001
1.647902e+003,1.095425e+001
1.648384e+003,1.095463e+001
1.648866e+003,1.094787e+001
1.649348e+003,1.093521e+001
1.649830e+003,1.091847e+001
1.650313e+003,1.089987e+001
1.650794e+003,1.088220e+001
1.651277e+003,1.086918e+001
1.651759e+003,1.086574e+001
1.652241e+003,1.087704e+001
1.652723e+003,1.090545e+001
1.653205e+003,1.094651e+001
1.653687e+003,1.098926e+001
1.654169e+003,1.102299e+001
1.654652e+003,1.104331e+001
1.655134e+003,1.105173e+001
1.655616e+003,1.105206e+001
1.656098e+003,1.104784e+001
1.656580e+003,1.104158e+001
1.657062e+003,1.103468e+001
1.657544e+003,1.102784e+001
1.658026e+003,1.102124e+001
1.658509e+003,1.101488e+001
1.658991e+003,1.100873e+001
1.659473e+003,1.100296e+001
1.659955e+003,1.099802e+001
1.660437e+003,1.099466e+001
1.660919e+003,1.099378e+001
1.661401e+003,1.099616e+001
1.661883e+003,1.100207e+001
1.662365e+003,1.101093e+001
1.662848e+003,1.102123e+001
1.663330e+003,1.103095e+001
1.663812e+003,1.103820e+001
1.664294e+003,1.104183e+001
1.664776e+003,1.104160e+001
1.665258e+003,1.103802e+001
1.665740e+003,1.103214e+001
1.666222e+003,1.102525e+001
1.666705e+003,1.101884e+001
1.667187e+003,1.101446e+001
1.667669e+003,1.101364e+001
1.668151e+003,1.101766e+001
1.668633e+003,1.102707e+001
1.669115e+003,1.104119e+001
1.669597e+003,1.105799e+001
1.670080e+003,1.107453e+001
1.670562e+003,1.108805e+001
1.671044e+003,1.109688e+001
1.671526e+003,1.110079e+001
1.672008e+003,1.110080e+001
1.672490e+003,1.109868e+001
1.672972e+003,1.109658e+001
1.673454e+003,1.109658e+001
1.673937e+003,1.110034e+001
1.674419e+003,1.110850e+001
1.674901e+003,1.112036e+001
1.675383e+003,1.113389e+001
1.675865e+003,1.114650e+001
1.676347e+003,1.115608e+001
1.676829e+003,1.116169e+001
1.677311e+003,1.116362e+001
1.677793e+003,1.116286e+001
1.678276e+003,1.116060e+001
1.678758e+003,1.115775e+001
1.679240e+003,1.115477e+001
1.679722e+003,1.115162e+001
1.680204e+003,1.114805e+001
1.680686e+003,1.114393e+001
1.681168e+003,1.113968e+001
1.681650e+003,1.113664e+001
1.682133e+003,1.113732e+001
1.682615e+003,1.114510e+001
1.683097e+003,1.116334e+001
1.683579e+003,1.119323e+001
1.684061e+003,1.123171e+001
1.684543e+003,1.127159e+001
1.685025e+003,1.130505e+001
1.685508e+003,1.132769e+001
1.685990e+003,1.133953e+001
1.686472e+003,1.134344e+001
1.686954e+003,1.134309e+001
1.687436e+003,1.134177e+001
1.687918e+003,1.134191e+001
1.688400e+003,1.134497e+001
1.688882e+003,1.135131e+001
1.689365e+003,1.136026e+001
1.689847e+003,1.137031e+001
1.690329e+003,1.137955e+001
1.690811e+003,1.138624e+001
1.691293e+003,1.138933e+001
1.691775e+003,1.138866e+001
1.692257e+003,1.138496e+001
1.692739e+003,1.137968e+001
1.693221e+003,1.137483e+001
1.693704e+003,1.137264e+001
1.694186e+003,1.137523e+001
1.694668e+003,1.138381e+001
1.695150e+003,1.139787e+001
1.695632e+003,1.141481e+001
1.696114e+003,1.143059e+001
1.696596e+003,1.144152e+001
1.697078e+003,1.144609e+001
1.697561e+003,1.144557e+001
1.698043e+003,1.144364e+001
1.698525e+003,1.144526e+001
1.699007e+003,1.145520e+001
1.699489e+003,1.147604e+001
1.699971e+003,1.150622e+001
1.700453e+003,1.153970e+001
1.700936e+003,1.156871e+001
1.701417e+003,1.158760e+001
1.701900e+003,1.159501e+001
1.702382e+003,1.159310e+001
1.702864e+003,1.158580e+001
1.703346e+003,1.157725e+001
1.703828e+003,1.157105e+001
1.704310e+003,1.156968e+001
1.704792e+003,1.157423e+001
1.705275e+003,1.158408e+001
1.705757e+003,1.159712e+001
1.706239e+003,1.161049e+001
1.706721e+003,1.162166e+001
1.707203e+003,1.162914e+001
1.707685e+003,1.163272e+001
1.708167e+003,1.163302e+001
1.708649e+003,1.163098e+001
1.709132e+003,1.162746e+001
1.709614e+003,1.162302e+001
1.710096e+003,1.161788e+001
1.710578e+003,1.161205e+001
1.711060e+003,1.160544e+001
1.711542e+003,1.159800e+001
1.712024e+003,1.158977e+001
1.712506e+003,1.158092e+001
1.712989e+003,1.157172e+001
1.713471e+003,1.156257e+001
1.713953e+003,1.155405e+001
1.714435e+003,1.154704e+001
1.714917e+003,1.154274e+001
1.715399e+003,1.154270e+001
1.715881e+003,1.154851e+001
1.716364e+003,1.156118e+001
1.716845e+003,1.158027e+001
1.717328e+003,1.160328e+001
1.717810e+003,1.162609e+001
1.718292e+003,1.164439e+001
1.718774e+003,1.165526e+001
1.719256e+003,1.165797e+001
1.719738e+003,1.165357e+001
1.720220e+003,1.164405e+001
1.720703e+003,1.163164e+001
1.721185e+003,1.161835e+001
1.721667e+003,1.160577e+001
1.722149e+003,1.159493e+001
1.722631e+003,1.158623e+001
1.723113e+003,1.157945e+001
1.723595e+003,1.157385e+001
1.724077e+003,1.156837e+001
1.724560e+003,1.156200e+001
1.725042e+003,1.155404e+001
1.725524e+003,1.154429e+001
1.726006e+003,1.153301e+001
1.726488e+003,1.152079e+001
1.726970e+003,1.150831e+001
1.727452e+003,1.149614e+001
1.727934e+003,1.148455e+001
1.728417e+003,1.147342e+001
1.728899e+003,1.146227e+001
1.729381e+003,1.145038e+001
1.729863e+003,1.143713e+001
1.730345e+003,1.142222e+001
1.730827e+003,1.140599e+001
1.731309e+003,1.138954e+001
1.731792e+003,1.137479e+001
1.732273e+003,1.136418e+001
1.732756e+003,1.136013e+001
1.733238e+003,1.136382e+001
1.733720e+003,1.137394e+001
1.734202e+003,1.138636e+001
1.734684e+003,1.139576e+001
1.735166e+003,1.139807e+001
1.735648e+003,1.139200e+001
1.736131e+003,1.137864e+001
1.736613e+003,1.136039e+001
1.737095e+003,1.133988e+001
1.737577e+003,1.131949e+001
1.738059e+003,1.130099e+001
1.738541e+003,1.128543e+001
1.739023e+003,1.127288e+001
1.739505e+003,1.126255e+001
1.739988e+003,1.125302e+001
1.740470e+003,1.124288e+001
1.740952e+003,1.123120e+001
1.741434e+003,1.121787e+001
1.741916e+003,1.120336e+001
1.742398e+003,1.118848e+001
1.742880e+003,1.117387e+001
1.743362e+003,1.115988e+001
1.743844e+003,1.114644e+001
1.744327e+003,1.113320e+001
1.744809e+003,1.111974e+001
1.745291e+003,1.110575e+001
1.745773e+003,1.109118e+001
1.746255e+003,1.107624e+001
1.746737e+003,1.106133e+001
1.747219e+003,1.104695e+001
1.747702e+003,1.103362e+001
1.748184e+003,1.102185e+001
1.748666e+003,1.101206e+001
1.749148e+003,1.100454e+001
1.749630e+003,1.099929e+001
1.750112e+003,1.099591e+001
1.750594e+003,1.099347e+001
1.751076e+003,1.099066e+001
1.751559e+003,1.098611e+001
1.752041e+003,1.097875e+001
1.752523e+003,1.096812e+001
1.753005e+003,1.095443e+001
1.753487e+003,1.093836e+001
1.753969e+003,1.092095e+001
1.754451e+003,1.090330e+001
1.754933e+003,1.088641e+001
1.755416e+003,1.087103e+001
1.755898e+003,1.085745e+001
1.756380e+003,1.084547e+001
1.756862e+003,1.083440e+001
1.757344e+003,1.082337e+001
1.757826e+003,1.081164e+001
1.758308e+003,1.079887e+001
1.758791e+003,1.078522e+001
1.759272e+003,1.077136e+001
1.759755e+003,1.075822e+001
1.760237e+003,1.074679e+001
1.760719e+003,1.073782e+001
1.761201e+003,1.073146e+001
1.761683e+003,1.072710e+001
1.762165e+003,1.072343e+001
1.762647e+003,1.071882e+001
1.763130e+003,1.071192e+001
1.763612e+003,1.070203e+001
1.764094e+003,1.068921e+001
1.764576e+003,1.067412e+001
1.765058e+003,1.065777e+001
1.765540e+003,1.064120e+001
1.766022e+003,1.062529e+001
1.766504e+003,1.061057e+001
1.766987e+003,1.059709e+001
1.767469e+003,1.058449e+001
1.767951e+003,1.057211e+001
1.768433e+003,1.055935e+001
1.768915e+003,1.054596e+001
1.769397e+003,1.053218e+001
1.769879e+003,1.051883e+001
1.770361e+003,1.050712e+001
1.770844e+003,1.049834e+001
1.771326e+003,1.049342e+001
1.771808e+003,1.049246e+001
1.772290e+003,1.049450e+001
1.772772e+003,1.049776e+001
1.773254e+003,1.050030e+001
1.773736e+003,1.050063e+001
1.774219e+003,1.049809e+001
1.774700e+003,1.049270e+001
1.775183e+003,1.048492e+001
1.775665e+003,1.047535e+001
1.776147e+003,1.046458e+001
1.776629e+003,1.045314e+001
1.777111e+003,1.044151e+001
1.777593e+003,1.043011e+001
1.778075e+003,1.041937e+001
1.778558e+003,1.040967e+001
1.779040e+003,1.040133e+001
1.779522e+003,1.039447e+001
1.780004e+003,1.038900e+001
1.780486e+003,1.038454e+001
1.780968e+003,1.038061e+001
1.781450e+003,1.037668e+001
1.781932e+003,1.037239e+001
1.782415e+003,1.036766e+001
1.782897e+003,1.036270e+001
1.783379e+003,1.035789e+001
1.783861e+003,1.035363e+001
1.784343e+003,1.035019e+001
1.784825e+003,1.034751e+001
1.785307e+003,1.034516e+001
1.785789e+003,1.034247e+001
1.786271e+003,1.033867e+001
1.786754e+003,1.033316e+001
1.787236e+003,1.032564e+001
1.787718e+003,1.031625e+001
1.788200e+003,1.030549e+001
1.788682e+003,1.029421e+001
1.789164e+003,1.028351e+001
1.789646e+003,1.027463e+001
1.790128e+003,1.026880e+001
1.790611e+003,1.026702e+001
1.791093e+003,1.026968e+001
1.791575e+003,1.027632e+001
1.792057e+003,1.028551e+001
1.792539e+003,1.029519e+001
1.793021e+003,1.030332e+001
1.793503e+003,1.030844e+001
1.793986e+003,1.031003e+001
1.794468e+003,1.030832e+001
1.794950e+003,1.030408e+001
1.795432e+003,1.029823e+001
1.795914e+003,1.029166e+001
1.796396e+003,1.028507e+001
1.796878e+003,1.027902e+001
1.797360e+003,1.027387e+001
1.797843e+003,1.026994e+001
1.798325e+003,1.026748e+001
1.798807e+003,1.026672e+001
1.799289e+003,1.026779e+001
1.799771e+003,1.027068e+001
1.800253e+003,1.027508e+001
1.800735e+003,1.028041e+001
1.801217e+003,1.028588e+001
1.801699e+003,1.029072e+001
1.802182e+003,1.029432e+001
1.802664e+003,1.029640e+001
1.803146e+003,1.029702e+001
1.803628e+003,1.029647e+001
1.804110e+003,1.029517e+001
1.804592e+003,1.029345e+001
1.805074e+003,1.029157e+001
1.805556e+003,1.028960e+001
1.806039e+003,1.028752e+001
1.806521e+003,1.028525e+001
1.807003e+003,1.028280e+001
1.807485e+003,1.028029e+001
1.807967e+003,1.027798e+001
1.808449e+003,1.027629e+001
1.808931e+003,1.027572e+001
1.809414e+003,1.027671e+001
1.809896e+003,1.027954e+001
1.810378e+003,1.028421e+001
1.810860e+003,1.029038e+001
1.811342e+003,1.029743e+001
1.811824e+003,1.030457e+001
1.812306e+003,1.031100e+001
1.812788e+003,1.031618e+001
1.813271e+003,1.031989e+001
1.813753e+003,1.032225e+001
1.814235e+003,1.032371e+001
1.814717e+003,1.032485e+001
1.815199e+003,1.032628e+001
1.815681e+003,1.032847e+001
1.816163e+003,1.033165e+001
1.816645e+003,1.033578e+001
1.817127e+003,1.034061e+001
1.817610e+003,1.034574e+001
1.818092e+003,1.035079e+001
1.818574e+003,1.035537e+001
1.819056e+003,1.035920e+001
1.819538e+003,1.036202e+001
1.820020e+003,1.036363e+001
1.820502e+003,1.036392e+001
1.820984e+003,1.036297e+001
1.821467e+003,1.036105e+001
1.821949e+003,1.035874e+001
1.822431e+003,1.035683e+001
1.822913e+003,1.035620e+001
1.823395e+003,1.035754e+001
1.823877e+003,1.036115e+001
1.824359e+003,1.036667e+001
1.824842e+003,1.037316e+001
1.825323e+003,1.037940e+001
1.825806e+003,1.038431e+001
1.826288e+003,1.038742e+001
1.826770e+003,1.038899e+001
1.827252e+003,1.038998e+001
1.827734e+003,1.039174e+001
1.828216e+003,1.039562e+001
1.828698e+003,1.040251e+001
1.829181e+003,1.041248e+001
1.829663e+003,1.042456e+001
1.830145e+003,1.043707e+001
1.830627e+003,1.044811e+001
1.831109e+003,1.045632e+001
1.831591e+003,1.046118e+001
1.832073e+003,1.046308e+001
1.832555e+003,1.046294e+001
1.833038e+003,1.046189e+001
1.833520e+003,1.046092e+001
1.834002e+003,1.046075e+001
1.834484e+003,1.046172e+001
1.834966e+003,1.046385e+001
1.835448e+003,1.046688e+001
1.835930e+003,1.047044e+001
1.836412e+003,1.047416e+001
1.836895e+003,1.047771e+001
1.837377e+003,1.048083e+001
1.837859e+003,1.048330e+001
1.838341e+003,1.048486e+001
1.838823e+003,1.048524e+001
1.839305e+003,1.048425e+001
1.839787e+003,1.048183e+001
1.840270e+003,1.047825e+001
1.840751e+003,1.047410e+001
1.841234e+003,1.047037e+001
1.841716e+003,1.046835e+001
1.842198e+003,1.046939e+001
1.842680e+003,1.047458e+001
1.843162e+003,1.048424e+001
1.843644e+003,1.049764e+001
1.844126e+003,1.051294e+001
1.844609e+003,1.052772e+001
1.845091e+003,1.053984e+001
1.845573e+003,1.054809e+001
1.846055e+003,1.055239e+001
1.846537e+003,1.055351e+001
1.847019e+003,1.055261e+001
1.847501e+003,1.055080e+001
1.847983e+003,1.054889e+001
1.848466e+003,1.054726e+001
1.848948e+003,1.054595e+001
1.849430e+003,1.054477e+001
1.849912e+003,1.054352e+001
1.850394e+003,1.054209e+001
1.850876e+003,1.054053e+001
1.851358e+003,1.053905e+001
1.851840e+003,1.053792e+001
1.852323e+003,1.053738e+001
1.852805e+003,1.053756e+001
1.853287e+003,1.053847e+001
1.853769e+003,1.054000e+001
1.854251e+003,1.054197e+001
1.854733e+003,1.054416e+001
1.855215e+003,1.054635e+001
1.855698e+003,1.054833e+001
1.856179e+003,1.054991e+001
1.856662e+003,1.055091e+001
1.857144e+003,1.055122e+001
1.857626e+003,1.055077e+001
1.858108e+003,1.054961e+001
1.858590e+003,1.054789e+001
1.859072e+003,1.054582e+001
1.859554e+003,1.054364e+001
1.860037e+003,1.054155e+001
1.860519e+003,1.053966e+001
1.861001e+003,1.053793e+001
1.861483e+003,1.053621e+001
1.861965e+003,1.053423e+001
1.862447e+003,1.053167e+001
1.862929e+003,1.052820e+001
1.863411e+003,1.052361e+001
1.863894e+003,1.051782e+001
1.864376e+003,1.051098e+001
1.864858e+003,1.050347e+001
1.865340e+003,1.049592e+001
1.865822e+003,1.048917e+001
1.866304e+003,1.048417e+001
1.866786e+003,1.048181e+001
1.867268e+003,1.048269e+001
1.867750e+003,1.048687e+001
1.868233e+003,1.049373e+001
1.868715e+003,1.050197e+001
1.869197e+003,1.050992e+001
1.869679e+003,1.051603e+001
1.870161e+003,1.051926e+001
1.870643e+003,1.051927e+001
1.871125e+003,1.051635e+001
1.871608e+003,1.051115e+001
1.872090e+003,1.050451e+001
1.872572e+003,1.049721e+001
1.873054e+003,1.048989e+001
1.873536e+003,1.048296e+001
1.874018e+003,1.047660e+001
1.874500e+003,1.047082e+001
1.874982e+003,1.046547e+001
1.875465e+003,1.046036e+001
1.875947e+003,1.045533e+001
1.876429e+003,1.045024e+001
1.876911e+003,1.044501e+001
1.877393e+003,1.043961e+001
1.877875e+003,1.043399e+001
1.878357e+003,1.042811e+001
1.878839e+003,1.042189e+001
1.879322e+003,1.041524e+001
1.879804e+003,1.040810e+001
1.880286e+003,1.040047e+001
1.880768e+003,1.039247e+001
1.881250e+003,1.038426e+001
1.881732e+003,1.037608e+001
1.882214e+003,1.036812e+001
1.882697e+003,1.036050e+001
1.883178e+003,1.035317e+001
1.883661e+003,1.034592e+001
1.884143e+003,1.033839e+001
1.884625e+003,1.033020e+001
1.885107e+003,1.032106e+001
1.885589e+003,1.031092e+001
1.886071e+003,1.029998e+001
1.886553e+003,1.028880e+001
1.887036e+003,1.027808e+001
1.887518e+003,1.026862e+001
1.888000e+003,1.026102e+001
1.888482e+003,1.025551e+001
1.888964e+003,1.025181e+001
1.889446e+003,1.024914e+001
1.889928e+003,1.024644e+001
1.890410e+003,1.024266e+001
1.890893e+003,1.023709e+001
1.891375e+003,1.022954e+001
1.891857e+003,1.022029e+001
1.892339e+003,1.020993e+001
1.892821e+003,1.019920e+001
1.893303e+003,1.018870e+001
1.893785e+003,1.017886e+001
1.894267e+003,1.016979e+001
1.894750e+003,1.016135e+001
1.895232e+003,1.015322e+001
1.895714e+003,1.014504e+001
1.896196e+003,1.013654e+001
1.896678e+003,1.012758e+001
1.897160e+003,1.011814e+001
1.897642e+003,1.010835e+001
1.898125e+003,1.009835e+001
1.898606e+003,1.008830e+001
1.899089e+003,1.007832e+001
1.899571e+003,1.006847e+001
1.900053e+003,1.005874e+001
1.900535e+003,1.004905e+001
1.901017e+003,1.003925e+001
1.901499e+003,1.002915e+001
1.901981e+003,1.001856e+001
1.902464e+003,1.000733e+001
1.902946e+003,9.995371e+000
1.903428e+003,9.982696e+000
1.903910e+003,9.969389e+000
1.904392e+003,9.955618e+000
1.904874e+003,9.941577e+000
1.905356e+003,9.927503e+000
1.905838e+003,9.913640e+000
1.906321e+003,9.900251e+000
1.906803e+003,9.887600e+000
1.907285e+003,9.875922e+000
1.907767e+003,9.865375e+000
1.908249e+003,9.855970e+000
1.908731e+003,9.847547e+000
1.909213e+003,9.839751e+000
1.909695e+003,9.832112e+000
1.910177e+003,9.824133e+000
1.910660e+003,9.815399e+000
1.911142e+003,9.805664e+000
1.911624e+003,9.794867e+000
1.912106e+003,9.783100e+000
1.912588e+003,9.770547e+000
1.913070e+003,9.757428e+000
1.913552e+003,9.743976e+000
1.914034e+003,9.730433e+000
1.914517e+003,9.717075e+000
1.914999e+003,9.704239e+000
1.915481e+003,9.692289e+000
1.915963e+003,9.681557e+000
1.916445e+003,9.672222e+000
1.916927e+003,9.664195e+000
1.917409e+003,9.657039e+000
1.917892e+003,9.650039e+000
1.918374e+003,9.642365e+000
1.918856e+003,9.633351e+000
1.919338e+003,9.622698e+000
1.919820e+003,9.610551e+000
1.920302e+003,9.597453e+000
1.920784e+003,9.584154e+000
1.921266e+003,9.571435e+000
1.921749e+003,9.559894e+000
1.922231e+003,9.549783e+000
1.922713e+003,9.540951e+000
1.923195e+003,9.532886e+000
1.923677e+003,9.524885e+000
1.924159e+003,9.516273e+000
1.924641e+003,9.506596e+000
1.925123e+003,9.495715e+000
1.925605e+003,9.483787e+000
1.926088e+003,9.471163e+000
1.926570e+003,9.458258e+000
1.927052e+003,9.445434e+000
1.927534e+003,9.432920e+000
1.928016e+003,9.420788e+000
1.928498e+003,9.408983e+000
1.928980e+003,9.397392e+000
1.929462e+003,9.385908e+000
1.929945e+003,9.374484e+000
1.930427e+003,9.363149e+000
1.930909e+003,9.351981e+000
1.931391e+003,9.341083e+000
1.931873e+003,9.330529e+000
1.932355e+003,9.320366e+000
1.932837e+003,9.310605e+000
1.933320e+003,9.301247e+000
1.933802e+003,9.292306e+000
1.934284e+003,9.283800e+000
1.934766e+003,9.275727e+000
1.935248e+003,9.268025e+000
1.935730e+003,9.260525e+000
1.936212e+003,9.252953e+000
1.936694e+003,9.244955e+000
1.937177e+003,9.236171e+000
1.937659e+003,9.226339e+000
1.938141e+003,9.215374e+000
1.938623e+003,9.203436e+000
1.939105e+003,9.190916e+000
1.939587e+003,9.178381e+000
1.940069e+003,9.166479e+000
1.940551e+003,9.155792e+000
1.941033e+003,9.146716e+000
1.941516e+003,9.139334e+000
1.941998e+003,9.133375e+000
1.942480e+003,9.128263e+000
1.942962e+003,9.123270e+000
1.943444e+003,9.117708e+000
1.943926e+003,9.111134e+000
1.944408e+003,9.103420e+000
1.944890e+003,9.094758e+000
1.945373e+003,9.085546e+000
1.945855e+003,9.076249e+000
1.946337e+003,9.067261e+000
1.946819e+003,9.058806e+000
1.947301e+003,9.050909e+000
1.947783e+003,9.043429e+000
1.948265e+003,9.036131e+000
1.948748e+003,9.028794e+000
1.949229e+003,9.021286e+000
1.949712e+003,9.013595e+000
1.950194e+003,9.005817e+000
1.950676e+003,8.998104e+000
1.951158e+003,8.990601e+000
1.951640e+003,8.983409e+000
1.952122e+003,8.976558e+000
1.952604e+003,8.970030e+000
1.953087e+003,8.963760e+000
1.953569e+003,8.957687e+000
1.954051e+003,8.951726e+000
1.954533e+003,8.945799e+000
1.955015e+003,8.939824e+000
1.955497e+003,8.933727e+000
1.955979e+003,8.927456e+000
1.956461e+003,8.921002e+000
1.956944e+003,8.914425e+000
1.957426e+003,8.907829e+000
1.957908e+003,8.901346e+000
1.958390e+003,8.895085e+000
1.958872e+003,8.889102e+000
1.959354e+003,8.883377e+000
1.959836e+003,8.877814e+000
1.960318e+003,8.872281e+000
1.960801e+003,8.866640e+000
1.961283e+003,8.860795e+000
1.961765e+003,8.854697e+000
1.962247e+003,8.848353e+000
1.962729e+003,8.841823e+000
1.963211e+003,8.835202e+000
1.963693e+003,8.828620e+000
1.964176e+003,8.822242e+000
1.964657e+003,8.816266e+000
1.965140e+003,8.810894e+000
1.965622e+003,8.806309e+000
1.966104e+003,8.802614e+000
1.966586e+003,8.799799e+000
1.967068e+003,8.797721e+000
1.967550e+003,8.796140e+000
1.968032e+003,8.794772e+000
1.968515e+003,8.793353e+000
1.968997e+003,8.791702e+000
1.969479e+003,8.789719e+000
1.969961e+003,8.787381e+000
1.970443e+003,8.784714e+000
1.970925e+003,8.781756e+000
1.971407e+003,8.778563e+000
1.971889e+003,8.775196e+000
1.972372e+003,8.771752e+000
1.972854e+003,8.768373e+000
1.973336e+003,8.765229e+000
1.973818e+003,8.762500e+000
1.974300e+003,8.760324e+000
1.974782e+003,8.758779e+000
1.975264e+003,8.757858e+000
1.975746e+003,8.757473e+000
1.976229e+003,8.757482e+000
1.976711e+003,8.757722e+000
1.977193e+003,8.758037e+000
1.977675e+003,8.758290e+000
1.978157e+003,8.758380e+000
1.978639e+003,8.758230e+000
1.979121e+003,8.757799e+000
1.979604e+003,8.757065e+000
1.980085e+003,8.756041e+000
1.980568e+003,8.754755e+000
1.981050e+003,8.753229e+000
1.981532e+003,8.751471e+000
1.982014e+003,8.749449e+000
1.982496e+003,8.747109e+000
1.982978e+003,8.744391e+000
1.983460e+003,8.741277e+000
1.983943e+003,8.737804e+000
1.984425e+003,8.734095e+000
1.984907e+003,8.730325e+000
1.985389e+003,8.726678e+000
1.985871e+003,8.723289e+000
1.986353e+003,8.720206e+000
1.986835e+003,8.717378e+000
1.987317e+003,8.714684e+000
1.987800e+003,8.712016e+000
1.988282e+003,8.709331e+000
1.988764e+003,8.706720e+000
1.989246e+003,8.704412e+000
1.989728e+003,8.702720e+000
1.990210e+003,8.701962e+000
1.990692e+003,8.702365e+000
1.991174e+003,8.703962e+000
1.991656e+003,8.706559e+000
1.992139e+003,8.709751e+000
1.992621e+003,8.713017e+000
1.993103e+003,8.715832e+000
1.993585e+003,8.717804e+000
1.994067e+003,8.718737e+000
1.994549e+003,8.718660e+000
1.995031e+003,8.717796e+000
1.995514e+003,8.716484e+000
1.995996e+003,8.715114e+000
1.996478e+003,8.714015e+000
1.996960e+003,8.713437e+000
1.997442e+003,8.713482e+000
1.997924e+003,8.714120e+000
1.998406e+003,8.715217e+000
1.998888e+003,8.716583e+000
1.999371e+003,8.718019e+000
1.999853e+003,8.719365e+000
2.000335e+003,8.720508e+000
2.000817e+003,8.721408e+000
2.001299e+003,8.722069e+000
2.001781e+003,8.722548e+000
2.002263e+003,8.722919e+000
2.002745e+003,8.723273e+000
2.003228e+003,8.723693e+000
2.003710e+003,8.724228e+000
2.004192e+003,8.724886e+000
2.004674e+003,8.725613e+000
2.005156e+003,8.726303e+000
2.005638e+003,8.726833e+000
2.006120e+003,8.727096e+000
2.006603e+003,8.727055e+000
2.007084e+003,8.726768e+000
2.007567e+003,8.726410e+000
2.008049e+003,8.726214e+000
2.008531e+003,8.726441e+000
2.009013e+003,8.727289e+000
2.009495e+003,8.728833e+000
2.009977e+003,8.731009e+000
2.010459e+003,8.733595e+000
2.010942e+003,8.736276e+000
2.011424e+003,8.738683e+000
2.011906e+003,8.740491e+000
2.012388e+003,8.741471e+000
2.012870e+003,8.741532e+000
2.013352e+003,8.740746e+000
2.013834e+003,8.739326e+000
2.014316e+003,8.737598e+000
2.014799e+003,8.735932e+000
2.015281e+003,8.734689e+000
2.015763e+003,8.734134e+000
2.016245e+003,8.734395e+000
2.016727e+003,8.735442e+000
2.017209e+003,8.737092e+000
2.017691e+003,8.739061e+000
2.018173e+003,8.741050e+000
2.018656e+003,8.742777e+000
2.019138e+003,8.744055e+000
2.019620e+003,8.744796e+000
2.020102e+003,8.745001e+000
2.020584e+003,8.744736e+000
2.021066e+003,8.744103e+000
2.021548e+003,8.743230e+000
2.022031e+003,8.742235e+000
2.022512e+003,8.741242e+000
2.022995e+003,8.740345e+000
2.023477e+003,8.739616e+000
2.023959e+003,8.739084e+000
2.024441e+003,8.738734e+000
2.024923e+003,8.738519e+000
2.025405e+003,8.738377e+000
2.025887e+003,8.738254e+000
2.026370e+003,8.738117e+000
2.026852e+003,8.737964e+000
2.027334e+003,8.737794e+000
2.027816e+003,8.737610e+000
2.028298e+003,8.737364e+000
2.028780e+003,8.736987e+000
2.029262e+003,8.736370e+000
2.029744e+003,8.735411e+000
2.030227e+003,8.734037e+000
2.030709e+003,8.732230e+000
2.031191e+003,8.730033e+000
2.031673e+003,8.727550e+000
2.032155e+003,8.724926e+000
2.032637e+003,8.722329e+000
2.033119e+003,8.719931e+000
2.033601e+003,8.717886e+000
2.034083e+003,8.716309e+000
2.034566e+003,8.715256e+000
2.035048e+003,8.714695e+000
2.035530e+003,8.714499e+000
2.036012e+003,8.714453e+000
2.036494e+003,8.714296e+000
2.036976e+003,8.713782e+000
2.037458e+003,8.712743e+000
2.037940e+003,8.711143e+000
2.038423e+003,8.709088e+000
2.038905e+003,8.706800e+000
2.039387e+003,8.704551e+000
2.039869e+003,8.702580e+000
2.040351e+003,8.701053e+000
2.040833e+003,8.699994e+000
2.041315e+003,8.699326e+000
2.041798e+003,8.698881e+000
2.042280e+003,8.698461e+000
2.042762e+003,8.697870e+000
2.043244e+003,8.696936e+000
2.043726e+003,8.695514e+000
2.044208e+003,8.693494e+000
2.044690e+003,8.690797e+000
2.045172e+003,8.687387e+000
2.045655e+003,8.683302e+000
2.046137e+003,8.678642e+000
2.046619e+003,8.673584e+000
2.047101e+003,8.668356e+000
2.047583e+003,8.663185e+000
2.048065e+003,8.658289e+000
2.048547e+003,8.653839e+000
2.049029e+003,8.649952e+000
2.049511e+003,8.646701e+000
2.049994e+003,8.644119e+000
2.050476e+003,8.642192e+000
2.050958e+003,8.640844e+000
2.051440e+003,8.639927e+000
2.051922e+003,8.639207e+000
2.052404e+003,8.638384e+000
2.052886e+003,8.637135e+000
2.053368e+003,8.635160e+000
2.053851e+003,8.632253e+000
2.054333e+003,8.628331e+000
2.054815e+003,8.623455e+000
2.055297e+003,8.617800e+000
2.055779e+003,8.611624e+000
2.056261e+003,8.605201e+000
2.056743e+003,8.598790e+000
2.057226e+003,8.592586e+000
2.057708e+003,8.586711e+000
2.058190e+003,8.581203e+000
2.058672e+003,8.576027e+000
2.059154e+003,8.571080e+000
2.059636e+003,8.566224e+000
2.060118e+003,8.561306e+000
2.060600e+003,8.556193e+000
2.061083e+003,8.550794e+000
2.061565e+003,8.545083e+000
2.062047e+003,8.539086e+000
2.062529e+003,8.532879e+000
2.063011e+003,8.526554e+000
2.063493e+003,8.520210e+000
2.063975e+003,8.513947e+000
2.064457e+003,8.507867e+000
2.064939e+003,8.502067e+000
2.065422e+003,8.496640e+000
2.065904e+003,8.491654e+000
2.066386e+003,8.487116e+000
2.066868e+003,8.482938e+000
2.067350e+003,8.478938e+000
2.067832e+003,8.474843e+000
2.068314e+003,8.470348e+000
2.068796e+003,8.465182e+000
2.069279e+003,8.459176e+000
2.069761e+003,8.452305e+000
2.070243e+003,8.444706e+000
2.070725e+003,8.436632e+000
2.071207e+003,8.428403e+000
2.071689e+003,8.420321e+000
2.072171e+003,8.412619e+000
2.072654e+003,8.405418e+000
2.073135e+003,8.398726e+000
2.073618e+003,8.392453e+000
2.074100e+003,8.386445e+000
2.074582e+003,8.380515e+000
2.075064e+003,8.374481e+000
2.075546e+003,8.368188e+000
2.076028e+003,8.361532e+000
2.076510e+003,8.354465e+000
2.076993e+003,8.347011e+000
2.077475e+003,8.339247e+000
2.077957e+003,8.331301e+000
2.078439e+003,8.323317e+000
2.078921e+003,8.315442e+000
2.079403e+003,8.307792e+000
2.079885e+003,8.300433e+000
2.080367e+003,8.293385e+000
2.080850e+003,8.286592e+000
2.081332e+003,8.279961e+000
2.081814e+003,8.273344e+000
2.082296e+003,8.266586e+000
2.082778e+003,8.259537e+000
2.083260e+003,8.252088e+000
2.083742e+003,8.244186e+000
2.084224e+003,8.235858e+000
2.084707e+003,8.227190e+000
2.085189e+003,8.218321e+000
2.085671e+003,8.209403e+000
2.086153e+003,8.200573e+000
2.086635e+003,8.191940e+000
2.087117e+003,8.183571e+000
2.087599e+003,8.175501e+000
2.088082e+003,8.167739e+000
2.088563e+003,8.160277e+000
2.089046e+003,8.153085e+000
2.089528e+003,8.146100e+000
2.090010e+003,8.139229e+000
2.090492e+003,8.132354e+000
2.090974e+003,8.125347e+000
2.091456e+003,8.118110e+000
2.091938e+003,8.110585e+000
2.092421e+003,8.102774e+000
2.092903e+003,8.094723e+000
2.093385e+003,8.086498e+000
2.093867e+003,8.078143e+000
2.094349e+003,8.069674e+000
2.094831e+003,8.061083e+000
2.095313e+003,8.052350e+000
2.095795e+003,8.043495e+000
2.096278e+003,8.034589e+000
2.096760e+003,8.025768e+000
2.097242e+003,8.017190e+000
2.097724e+003,8.008997e+000
2.098206e+003,8.001265e+000
2.098688e+003,7.993962e+000
2.099170e+003,7.986970e+000
2.099652e+003,7.980094e+000
2.100135e+003,7.973115e+000
2.100617e+003,7.965843e+000
2.101099e+003,7.958139e+000
2.101581e+003,7.949938e+000
2.102063e+003,7.941234e+000
2.102545e+003,7.932065e+000
2.103027e+003,7.922503e+000
2.103510e+003,7.912653e+000
2.103991e+003,7.902649e+000
2.104474e+003,7.892659e+000
2.104956e+003,7.882869e+000
2.105438e+003,7.873472e+000
2.105920e+003,7.864643e+000
2.106402e+003,7.856494e+000
2.106884e+003,7.849059e+000
2.107366e+003,7.842275e+000
2.107849e+003,7.835988e+000
2.108331e+003,7.829973e+000
2.108813e+003,7.823966e+000
2.109295e+003,7.817714e+000
2.109777e+003,7.811028e+000
2.110259e+003,7.803822e+000
2.110741e+003,7.796141e+000
2.111223e+003,7.788152e+000
2.111706e+003,7.780100e+000
2.112188e+003,7.772244e+000
2.112670e+003,7.764774e+000
2.113152e+003,7.757752e+000
2.113634e+003,7.751081e+000
2.114116e+003,7.744531e+000
2.114598e+003,7.737794e+000
2.115080e+003,7.730586e+000
2.115563e+003,7.722722e+000
2.116045e+003,7.714183e+000
2.116527e+003,7.705116e+000
2.117009e+003,7.695799e+000
2.117491e+003,7.686583e+000
2.117973e+003,7.677794e+000
2.118455e+003,7.669682e+000
2.118938e+003,7.662374e+000
2.119420e+003,7.655863e+000
2.119902e+003,7.650019e+000
2.120384e+003,7.644619e+000
2.120866e+003,7.639383e+000
2.121348e+003,7.634033e+000
2.121830e+003,7.628321e+000
2.122312e+003,7.622083e+000
2.122794e+003,7.615257e+000
2.123277e+003,7.607899e+000
2.123759e+003,7.600155e+000
2.124241e+003,7.592243e+000
2.124723e+003,7.584389e+000
2.125205e+003,7.576797e+000
2.125687e+003,7.569607e+000
2.126169e+003,7.562881e+000
2.126651e+003,7.556620e+000
2.127134e+003,7.550771e+000
2.127616e+003,7.545241e+000
2.128098e+003,7.539934e+000
2.128580e+003,7.534751e+000
2.129062e+003,7.529606e+000
2.129544e+003,7.524432e+000
2.130026e+003,7.519204e+000
2.130509e+003,7.513926e+000
2.130990e+003,7.508640e+000
2.131473e+003,7.503403e+000
2.131955e+003,7.498259e+000
2.132437e+003,7.493207e+000
2.132919e+003,7.488191e+000
2.133401e+003,7.483096e+000
2.133883e+003,7.477768e+000
2.134365e+003,7.472075e+000
2.134848e+003,7.465939e+000
2.135330e+003,7.459373e+000
2.135812e+003,7.452495e+000
2.136294e+003,7.445505e+000
2.136776e+003,7.438651e+000
2.137258e+003,7.432167e+000
2.137740e+003,7.426242e+000
2.138222e+003,7.420959e+000
2.138705e+003,7.416297e+000
2.139187e+003,7.412137e+000
2.139669e+003,7.408272e+000
2.140151e+003,7.404464e+000
2.140633e+003,7.400481e+000
2.141115e+003,7.396143e+000
2.141597e+003,7.391363e+000
2.142079e+003,7.386165e+000
2.142562e+003,7.380675e+000
2.143044e+003,7.375088e+000
2.143526e+003,7.369621e+000
2.144008e+003,7.364470e+000
2.144490e+003,7.359751e+000
2.144972e+003,7.355498e+000
2.145454e+003,7.351658e+000
2.145937e+003,7.348112e+000
2.146418e+003,7.344708e+000
2.146901e+003,7.341299e+000
2.147383e+003,7.337760e+000
2.147865e+003,7.334020e+000
2.148347e+003,7.330056e+000
2.148829e+003,7.325913e+000
2.149311e+003,7.321688e+000
2.149793e+003,7.317523e+000
2.150276e+003,7.313577e+000
2.150758e+003,7.309980e+000
2.151240e+003,7.306808e+000
2.151722e+003,7.304034e+000
2.152204e+003,7.301551e+000
2.152686e+003,7.299169e+000
2.153168e+003,7.296679e+000
2.153650e+003,7.293905e+000
2.154133e+003,7.290761e+000
2.154615e+003,7.287259e+000
2.155097e+003,7.283513e+000
2.155579e+003,7.279692e+000
2.156061e+003,7.275971e+000
2.156543e+003,7.272490e+000
2.157025e+003,7.269325e+000
2.157507e+003,7.266492e+000
2.157990e+003,7.263968e+000
2.158472e+003,7.261723e+000
2.158954e+003,7.259730e+000
2.159436e+003,7.257994e+000
2.159918e+003,7.256527e+000
2.160400e+003,7.255343e+000
2.160882e+003,7.254431e+000
2.161365e+003,7.253744e+000
2.161846e+003,7.253188e+000
2.162329e+003,7.252636e+000
2.162811e+003,7.251946e+000
2.163293e+003,7.250985e+000
2.163775e+003,7.249657e+000
2.164257e+003,7.247929e+000
2.164739e+003,7.245839e+000
2.165221e+003,7.243493e+000
2.165704e+003,7.241046e+000
2.166186e+003,7.238663e+000
2.166668e+003,7.236486e+000
2.167150e+003,7.234597e+000
2.167632e+003,7.233012e+000
2.168114e+003,7.231673e+000
2.168596e+003,7.230491e+000
2.169078e+003,7.229359e+000
2.169561e+003,7.228189e+000
2.170043e+003,7.226927e+000
2.170525e+003,7.225552e+000
2.171007e+003,7.224067e+000
2.171489e+003,7.222499e+000
2.171971e+003,7.220875e+000
2.172453e+003,7.219230e+000
2.172935e+003,7.217609e+000
2.173417e+003,7.216065e+000
2.173900e+003,7.214656e+000
2.174382e+003,7.213423e+000
2.174864e+003,7.212394e+000
2.175346e+003,7.211569e+000
2.175828e+003,7.210930e+000
2.176310e+003,7.210438e+000
2.176792e+003,7.210056e+000
2.177274e+003,7.209758e+000
2.177757e+003,7.209529e+000
2.178239e+003,7.209356e+000
2.178721e+003,7.209213e+000
2.179203e+003,7.209069e+000
2.179685e+003,7.208879e+000
2.180167e+003,7.208606e+000
2.180649e+003,7.208238e+000
2.181132e+003,7.207802e+000
2.181614e+003,7.207355e+000
2.182096e+003,7.206989e+000
2.182578e+003,7.206778e+000
2.183060e+003,7.206779e+000
2.183542e+003,7.207006e+000
2.184024e+003,7.207428e+000
2.184506e+003,7.207987e+000
2.184989e+003,7.208618e+000
2.185471e+003,7.209252e+000
2.185953e+003,7.209837e+000
2.186435e+003,7.210331e+000
2.186917e+003,7.210703e+000
2.187399e+003,7.210925e+000
2.187881e+003,7.210983e+000
2.188363e+003,7.210876e+000
2.188845e+003,7.210624e+000
2.189328e+003,7.210268e+000
2.189810e+003,7.209849e+000
2.190292e+003,7.209414e+000
2.190774e+003,7.208987e+000
2.191256e+003,7.208584e+000
2.191738e+003,7.208204e+000
2.192220e+003,7.207861e+000
2.192702e+003,7.207587e+000
2.193185e+003,7.207451e+000
2.193667e+003,7.207539e+000
2.194149e+003,7.207936e+000
2.194631e+003,7.208703e+000
2.195113e+003,7.209840e+000
2.195595e+003,7.211283e+000
2.196077e+003,7.212905e+000
2.196560e+003,7.214537e+000
2.197042e+003,7.215997e+000
2.197524e+003,7.217132e+000
2.198006e+003,7.217835e+000
2.198488e+003,7.218068e+000
2.198970e+003,7.217863e+000
2.199452e+003,7.217307e+000
2.199934e+003,7.216534e+000
2.200417e+003,7.215697e+000
2.200899e+003,7.214943e+000
2.201381e+003,7.214407e+000
2.201863e+003,7.214194e+000
2.202345e+003,7.214369e+000
2.202827e+003,7.214965e+000
2.203309e+003,7.215967e+000
2.203791e+003,7.217314e+000
2.204273e+003,7.218888e+000
2.204756e+003,7.220521e+000
2.205238e+003,7.222009e+000
2.205720e+003,7.223142e+000
2.206202e+003,7.223748e+000
2.206684e+003,7.223742e+000
2.207166e+003,7.223145e+000
2.207648e+003,7.222110e+000
2.208130e+003,7.220867e+000
2.208613e+003,7.219679e+000
2.209095e+003,7.218762e+000
2.209577e+003,7.218225e+000
2.210059e+003,7.218037e+000
2.210541e+003,7.218042e+000
2.211023e+003,7.218014e+000
2.211505e+003,7.217725e+000
2.211988e+003,7.217025e+000
2.212469e+003,7.215887e+000
2.212952e+003,7.214410e+000
2.213434e+003,7.212799e+000
2.213916e+003,7.211305e+000
2.214398e+003,7.210167e+000
2.214880e+003,7.209556e+000
2.215362e+003,7.209543e+000
2.215844e+003,7.210092e+000
2.216327e+003,7.211074e+000
2.216809e+003,7.212297e+000
2.217291e+003,7.213542e+000
2.217773e+003,7.214599e+000
2.218255e+003,7.215307e+000
2.218737e+003,7.215572e+000
2.219219e+003,7.215376e+000
2.219701e+003,7.214762e+000
2.220184e+003,7.213820e+000
2.220666e+003,7.212641e+000
2.221148e+003,7.211305e+000
2.221630e+003,7.209856e+000
2.222112e+003,7.208318e+000
2.222594e+003,7.206695e+000
2.223076e+003,7.205005e+000
2.223558e+003,7.203293e+000
2.224041e+003,7.201634e+000
2.224523e+003,7.200122e+000
2.225005e+003,7.198836e+000
2.225487e+003,7.197827e+000
2.225969e+003,7.197098e+000
2.226451e+003,7.196599e+000
2.226933e+003,7.196248e+000
2.227416e+003,7.195944e+000
2.227897e+003,7.195596e+000
2.228380e+003,7.195138e+000
2.228862e+003,7.194535e+000
2.229344e+003,7.193785e+000
2.229826e+003,7.192917e+000
2.230308e+003,7.191988e+000
2.230790e+003,7.191053e+000
2.231272e+003,7.190177e+000
2.231755e+003,7.189405e+000
2.232237e+003,7.188739e+000
2.232719e+003,7.188141e+000
2.233201e+003,7.187521e+000
2.233683e+003,7.186744e+000
2.234165e+003,7.185653e+000
2.234647e+003,7.184094e+000
2.235129e+003,7.181942e+000
2.235612e+003,7.179132e+000
2.236094e+003,7.175660e+000
2.236576e+003,7.171608e+000
2.237058e+003,7.167120e+000
2.237540e+003,7.162396e+000
2.238022e+003,7.157674e+000
2.238504e+003,7.153180e+000
2.238986e+003,7.149100e+000
2.239469e+003,7.145545e+000
2.239951e+003,7.142527e+000
2.240433e+003,7.139950e+000
2.240915e+003,7.137645e+000
2.241397e+003,7.135399e+000
2.241879e+003,7.133017e+000
2.242361e+003,7.130362e+000
2.242844e+003,7.127377e+000
2.243326e+003,7.124073e+000
2.243808e+003,7.120518e+000
2.244290e+003,7.116778e+000
2.244772e+003,7.112898e+000
2.245254e+003,7.108881e+000
2.245736e+003,7.104712e+000
2.246218e+003,7.100373e+000
2.246700e+003,7.095879e+000
2.247183e+003,7.091301e+000
2.247665e+003,7.086756e+000
2.248147e+003,7.082386e+000
2.248629e+003,7.078323e+000
2.249111e+003,7.074646e+000
2.249593e+003,7.071366e+000
2.250075e+003,7.068408e+000
2.250557e+003,7.065639e+000
2.251040e+003,7.062879e+000
2.251522e+003,7.059954e+000
2.252004e+003,7.056723e+000
2.252486e+003,7.053098e+000
2.252968e+003,7.049069e+000
2.253450e+003,7.044689e+000
2.253932e+003,7.040059e+000
2.254415e+003,7.035308e+000
2.254896e+003,7.030559e+000
2.255379e+003,7.025891e+000
2.255861e+003,7.021336e+000
2.256343e+003,7.016872e+000
2.256825e+003,7.012448e+000
2.257307e+003,7.007995e+000
2.257789e+003,7.003463e+000
2.258271e+003,6.998829e+000
2.258754e+003,6.994095e+000
2.259236e+003,6.989276e+000
2.259718e+003,6.984388e+000
2.260200e+003,6.979435e+000
2.260682e+003,6.974403e+000
2.261164e+003,6.969285e+000
2.261646e+003,6.964082e+000
2.262128e+003,6.958836e+000
2.262611e+003,6.953617e+000
2.263093e+003,6.948531e+000
2.263575e+003,6.943689e+000
2.264057e+003,6.939186e+000
2.264539e+003,6.935070e+000
2.265021e+003,6.931330e+000
2.265503e+003,6.927881e+000
2.265985e+003,6.924570e+000
2.266468e+003,6.921192e+000
2.266950e+003,6.917515e+000
2.267432e+003,6.913321e+000
2.267914e+003,6.908448e+000
2.268396e+003,6.902835e+000
2.268878e+003,6.896534e+000
2.269360e+003,6.889725e+000
2.269843e+003,6.882670e+000
2.270324e+003,6.875673e+000
2.270807e+003,6.868998e+000
2.271289e+003,6.862821e+000
2.271771e+003,6.857193e+000
2.272253e+003,6.852043e+000
2.272735e+003,6.847205e+000
2.273217e+003,6.842471e+000
2.273699e+003,6.837650e+000
2.274182e+003,6.832598e+000
2.274664e+003,6.827251e+000
2.275146e+003,6.821608e+000
2.275628e+003,6.815733e+000
2.276110e+003,6.809711e+000
2.276592e+003,6.803641e+000
2.277074e+003,6.797608e+000
2.277556e+003,6.791668e+000
2.278039e+003,6.785837e+000
2.278521e+003,6.780094e+000
2.279003e+003,6.774379e+000
2.279485e+003,6.768623e+000
2.279967e+003,6.762757e+000
2.280449e+003,6.756752e+000
2.280931e+003,6.750621e+000
2.281413e+003,6.744428e+000
2.281896e+003,6.738253e+000
2.282378e+003,6.732172e+000
2.282860e+003,6.726207e+000
2.283342e+003,6.720314e+000
2.283824e+003,6.714377e+000
2.284306e+003,6.708229e+000
2.284788e+003,6.701688e+000
2.285271e+003,6.694612e+000
2.285752e+003,6.686923e+000
2.286235e+003,6.678637e+000
2.286717e+003,6.669870e+000
2.287199e+003,6.660818e+000
2.287681e+003,6.651731e+000
2.288163e+003,6.642863e+000
2.288645e+003,6.634428e+000
2.289127e+003,6.626545e+000
2.289610e+003,6.619215e+000
2.290092e+003,6.612298e+000
2.290574e+003,6.605544e+000
2.291056e+003,6.598641e+000
2.291538e+003,6.591295e+000
2.292020e+003,6.583296e+000
2.292502e+003,6.574571e+000
2.292984e+003,6.565193e+000
2.293467e+003,6.555337e+000
2.293949e+003,6.545226e+000
2.294431e+003,6.535060e+000
2.294913e+003,6.524971e+000
2.295395e+003,6.515014e+000
2.295877e+003,6.505192e+000
2.296359e+003,6.495501e+000
2.296841e+003,6.485966e+000
2.297323e+003,6.476655e+000
2.297806e+003,6.467665e+000
2.298288e+003,6.459066e+000
2.298770e+003,6.450882e+000
2.299252e+003,6.443053e+000
2.299734e+003,6.435448e+000
2.300216e+003,6.427904e+000
2.300698e+003,6.420265e+000
2.301180e+003,6.412427e+000
2.301663e+003,6.404347e+000
2.302145e+003,6.396033e+000
2.302627e+003,6.387520e+000
2.303109e+003,6.378832e+000
2.303591e+003,6.369969e+000
2.304073e+003,6.360888e+000
2.304555e+003,6.351514e+000
2.305038e+003,6.341743e+000
2.305520e+003,6.331464e+000
2.306002e+003,6.320573e+000
2.306484e+003,6.308995e+000
2.306966e+003,6.296716e+000
2.307448e+003,6.283806e+000
2.307930e+003,6.270443e+000
2.308412e+003,6.256919e+000
2.308895e+003,6.243598e+000
2.309377e+003,6.230878e+000
2.309859e+003,6.219111e+000
2.310341e+003,6.208530e+000
2.310823e+003,6.199216e+000
2.311305e+003,6.191069e+000
2.311787e+003,6.183831e+000
2.312269e+003,6.177133e+000
2.312751e+003,6.170537e+000
2.313234e+003,6.163596e+000
2.313716e+003,6.155893e+000
2.314198e+003,6.147079e+000
2.314680e+003,6.136923e+000
2.315162e+003,6.125325e+000
2.315644e+003,6.112355e+000
2.316126e+003,6.098236e+000
2.316608e+003,6.083324e+000
2.317091e+003,6.068054e+000
2.317573e+003,6.052854e+000
2.318055e+003,6.038099e+000
2.318537e+003,6.024044e+000
2.319019e+003,6.010816e+000
2.319501e+003,5.998422e+000
2.319983e+003,5.986775e+000
2.320466e+003,5.975726e+000
2.320948e+003,5.965084e+000
2.321430e+003,5.954629e+000
2.321912e+003,5.944140e+000
2.322394e+003,5.933411e+000
2.322876e+003,5.922323e+000
2.323358e+003,5.910862e+000
2.323840e+003,5.899153e+000
2.324323e+003,5.887431e+000
2.324805e+003,5.875988e+000
2.325287e+003,5.865082e+000
2.325769e+003,5.854883e+000
2.326251e+003,5.845440e+000
2.326733e+003,5.836724e+000
2.327215e+003,5.828678e+000
2.327697e+003,5.821291e+000
2.328179e+003,5.814629e+000
2.328662e+003,5.808818e+000
2.329144e+003,5.803977e+000
2.329626e+003,5.800138e+000
2.330108e+003,5.797201e+000
2.330590e+003,5.794916e+000
2.331072e+003,5.792971e+000
2.331554e+003,5.791070e+000
2.332036e+003,5.789004e+000
2.332519e+003,5.786680e+000
2.333001e+003,5.784061e+000
2.333483e+003,5.781103e+000
2.333965e+003,5.777665e+000
2.334447e+003,5.773487e+000
2.334929e+003,5.768218e+000
2.335411e+003,5.761512e+000
2.335894e+003,5.753130e+000
2.336375e+003,5.743044e+000
2.336858e+003,5.731469e+000
2.337340e+003,5.718874e+000
2.337822e+003,5.705890e+000
2.338304e+003,5.693249e+000
2.338786e+003,5.681651e+000
2.339268e+003,5.671706e+000
2.339750e+003,5.663866e+000
2.340233e+003,5.658417e+000
2.340715e+003,5.655504e+000
2.341197e+003,5.655204e+000
2.341679e+003,5.657643e+000
2.342161e+003,5.663091e+000
2.342643e+003,5.671970e+000
2.343125e+003,5.684760e+000
2.343607e+003,5.701708e+000
2.344090e+003,5.722494e+000
2.344572e+003,5.745945e+000
2.345054e+003,5.770032e+000
2.345536e+003,5.792205e+000
2.346018e+003,5.809957e+000
2.346500e+003,5.821370e+000
2.346982e+003,5.825411e+000
2.347464e+003,5.821912e+000
2.347947e+003,5.811377e+000
2.348429e+003,5.794709e+000
2.348911e+003,5.772997e+000
2.349393e+003,5.747403e+000
2.349875e+003,5.719093e+000
2.350357e+003,5.689262e+000
2.350839e+003,5.659126e+000
2.351322e+003,5.629918e+000
2.351803e+003,5.602810e+000
2.352286e+003,5.578806e+000
2.352768e+003,5.558597e+000
2.353250e+003,5.542449e+000
2.353732e+003,5.530183e+000
2.354214e+003,5.521180e+000
2.354696e+003,5.514472e+000
2.355178e+003,5.508831e+000
2.355661e+003,5.502881e+000
2.356143e+003,5.495262e+000
2.356625e+003,5.484882e+000
2.357107e+003,5.471194e+000
2.357589e+003,5.454453e+000
2.358071e+003,5.435827e+000
2.358553e+003,5.417280e+000
2.359035e+003,5.401186e+000
2.359518e+003,5.389812e+000
2.360000e+003,5.384732e+000
2.360482e+003,5.386463e+000
2.360964e+003,5.394371e+000
2.361446e+003,5.406892e+000
2.361928e+003,5.422009e+000
2.362410e+003,5.437780e+000
2.362892e+003,5.452770e+000
2.363375e+003,5.466287e+000
2.363857e+003,5.478354e+000
2.364339e+003,5.489531e+000
2.364821e+003,5.500587e+000
2.365303e+003,5.512229e+000
2.365785e+003,5.524885e+000
2.366267e+003,5.538660e+000
2.366750e+003,5.553365e+000
2.367232e+003,5.568668e+000
2.367714e+003,5.584219e+000
2.368196e+003,5.599793e+000
2.368678e+003,5.615320e+000
2.369160e+003,5.630910e+000
2.369642e+003,5.646748e+000
2.370124e+003,5.663040e+000
2.370606e+003,5.679889e+000
2.371089e+003,5.697269e+000
2.371571e+003,5.715005e+000
2.372053e+003,5.732815e+000
2.372535e+003,5.750372e+000
2.373017e+003,5.767380e+000
2.373499e+003,5.783613e+000
2.373981e+003,5.798952e+000
2.374463e+003,5.813368e+000
2.374946e+003,5.826913e+000
2.375428e+003,5.839689e+000
2.375910e+003,5.851831e+000
2.376392e+003,5.863492e+000
2.376874e+003,5.874827e+000
2.377356e+003,5.885982e+000
2.377838e+003,5.897078e+000
2.378321e+003,5.908178e+000
2.378802e+003,5.919286e+000
2.379285e+003,5.930315e+000
2.379767e+003,5.941103e+000
2.380249e+003,5.951424e+000
2.380731e+003,5.961015e+000
2.381213e+003,5.969619e+000
2.381695e+003,5.977010e+000
2.382177e+003,5.983032e+000
2.382660e+003,5.987626e+000
2.383142e+003,5.990845e+000
2.383624e+003,5.992861e+000
2.384106e+003,5.993960e+000
2.384588e+003,5.994498e+000
2.385070e+003,5.994867e+000
2.385552e+003,5.995425e+000
2.386034e+003,5.996439e+000
2.386517e+003,5.998034e+000
2.386999e+003,6.000179e+000
2.387481e+003,6.002698e+000
2.387963e+003,6.005312e+000
2.388445e+003,6.007711e+000
2.388927e+003,6.009608e+000
2.389409e+003,6.010799e+000
2.389891e+003,6.011175e+000
2.390374e+003,6.010728e+000
2.390856e+003,6.009525e+000
2.391338e+003,6.007686e+000
2.391820e+003,6.005363e+000
2.392302e+003,6.002731e+000
2.392784e+003,5.999988e+000
2.393266e+003,5.997354e+000
2.393749e+003,5.995056e+000
2.394230e+003,5.993307e+000
2.394713e+003,5.992286e+000
2.395195e+003,5.992100e+000
2.395677e+003,5.992763e+000
2.396159e+003,5.994189e+000
2.396641e+003,5.996200e+000
2.397123e+003,5.998549e+000
2.397605e+003,6.000949e+000
2.398088e+003,6.003110e+000
2.398570e+003,6.004784e+000
2.399052e+003,6.005792e+000
2.399534e+003,6.006051e+000
2.400016e+003,6.005591e+000
2.400498e+003,6.004535e+000
2.400980e+003,6.003076e+000
2.401462e+003,6.001448e+000
2.401945e+003,5.999867e+000
2.402427e+003,5.998502e+000
2.402909e+003,5.997451e+000
2.403391e+003,5.996751e+000
2.403873e+003,5.996383e+000
2.404355e+003,5.996296e+000
2.404837e+003,5.996426e+000
2.405319e+003,5.996689e+000
2.405802e+003,5.996988e+000
2.406284e+003,5.997188e+000
2.406766e+003,5.997135e+000
2.407248e+003,5.996652e+000
2.407730e+003,5.995589e+000
2.408212e+003,5.993846e+000
2.408694e+003,5.991412e+000
2.409177e+003,5.988379e+000
2.409658e+003,5.984928e+000
2.410141e+003,5.981291e+000
2.410623e+003,5.977713e+000
2.411105e+003,5.974401e+000
2.411587e+003,5.971484e+000
2.412069e+003,5.969008e+000
2.412551e+003,5.966942e+000
2.413033e+003,5.965198e+000
2.413516e+003,5.963667e+000
2.413998e+003,5.962253e+000
2.414480e+003,5.960890e+000
2.414962e+003,5.959566e+000
2.415444e+003,5.958312e+000
2.415926e+003,5.957185e+000
2.416408e+003,5.956237e+000
2.416890e+003,5.955489e+000
2.417373e+003,5.954907e+000
2.417855e+003,5.954397e+000
2.418337e+003,5.953831e+000
2.418819e+003,5.953073e+000
2.419301e+003,5.952025e+000
2.419783e+003,5.950665e+000
2.420265e+003,5.949054e+000
2.420747e+003,5.947321e+000
2.421229e+003,5.945623e+000
2.421712e+003,5.944105e+000
2.422194e+003,5.942855e+000
2.422676e+003,5.941885e+000
2.423158e+003,5.941133e+000
2.423640e+003,5.940483e+000
2.424122e+003,5.939796e+000
2.424604e+003,5.938950e+000
2.425086e+003,5.937833e+000
2.425569e+003,5.936377e+000
2.426051e+003,5.934530e+000
2.426533e+003,5.932268e+000
2.427015e+003,5.929582e+000
2.427497e+003,5.926476e+000
2.427979e+003,5.922976e+000
2.428461e+003,5.919137e+000
2.428944e+003,5.915046e+000
2.429426e+003,5.910815e+000
2.429908e+003,5.906599e+000
2.430390e+003,5.902568e+000
2.430872e+003,5.898906e+000
2.431354e+003,5.895774e+000
2.431836e+003,5.893289e+000
2.432318e+003,5.891480e+000
2.432801e+003,5.890274e+000
2.433283e+003,5.889482e+000
2.433765e+003,5.888842e+000
2.434247e+003,5.888046e+000
2.434729e+003,5.886821e+000
2.435211e+003,5.884982e+000
2.435693e+003,5.882469e+000
2.436175e+003,5.879353e+000
2.436657e+003,5.875813e+000
2.437140e+003,5.872078e+000
2.437622e+003,5.868379e+000
2.438104e+003,5.864892e+000
2.438586e+003,5.861727e+000
2.439068e+003,5.858912e+000
2.439550e+003,5.856422e+000
2.440032e+003,5.854190e+000
2.440514e+003,5.852126e+000
2.440997e+003,5.850132e+000
2.441479e+003,5.848107e+000
2.441961e+003,5.845942e+000
2.442443e+003,5.843532e+000
2.442925e+003,5.840779e+000
2.443407e+003,5.837606e+000
2.443889e+003,5.833970e+000
2.444372e+003,5.829865e+000
2.444854e+003,5.825340e+000
2.445336e+003,5.820497e+000
2.445818e+003,5.815478e+000
2.446300e+003,5.810455e+000
2.446782e+003,5.805601e+000
2.447264e+003,5.801054e+000
2.447746e+003,5.796891e+000
2.448229e+003,5.793107e+000
2.448711e+003,5.789613e+000
2.449193e+003,5.786266e+000
2.449675e+003,5.782913e+000
2.450157e+003,5.779438e+000
2.450639e+003,5.775805e+000
2.451121e+003,5.772062e+000
2.451604e+003,5.768336e+000
2.452085e+003,5.764780e+000
2.452568e+003,5.761523e+000
2.453050e+003,5.758634e+000
2.453532e+003,5.756104e+000
2.454014e+003,5.753843e+000
2.454496e+003,5.751718e+000
2.454978e+003,5.749572e+000
2.455460e+003,5.747261e+000
2.455943e+003,5.744659e+000
2.456425e+003,5.741660e+000
2.456907e+003,5.738173e+000
2.457389e+003,5.734140e+000
2.457871e+003,5.729542e+000
2.458353e+003,5.724411e+000
2.458835e+003,5.718857e+000
2.459317e+003,5.713049e+000
2.459800e+003,5.707200e+000
2.460282e+003,5.701519e+000
2.460764e+003,5.696174e+000
2.461246e+003,5.691258e+000
2.461728e+003,5.686780e+000
2.462210e+003,5.682676e+000
2.462692e+003,5.678840e+000
2.463174e+003,5.675166e+000
2.463656e+003,5.671580e+000
2.464139e+003,5.668054e+000
2.464621e+003,5.664613e+000
2.465103e+003,5.661311e+000
2.465585e+003,5.658215e+000
2.466067e+003,5.655354e+000
2.466549e+003,5.652713e+000
2.467031e+003,5.650201e+000
2.467513e+003,5.647663e+000
2.467996e+003,5.644889e+000
2.468478e+003,5.641667e+000
2.468960e+003,5.637825e+000
2.469442e+003,5.633279e+000
2.469924e+003,5.628058e+000
2.470406e+003,5.622303e+000
2.470888e+003,5.616243e+000
2.471371e+003,5.610137e+000
2.471853e+003,5.604224e+000
2.472335e+003,5.598681e+000
2.472817e+003,5.593594e+000
2.473299e+003,5.588973e+000
2.473781e+003,5.584767e+000
2.474263e+003,5.580897e+000
2.474745e+003,5.577277e+000
2.475228e+003,5.573829e+000
2.475710e+003,5.570483e+000
2.476192e+003,5.567173e+000
2.476674e+003,5.563845e+000
2.477156e+003,5.560447e+000
2.477638e+003,5.556939e+000
2.478120e+003,5.553294e+000
2.478602e+003,5.549483e+000
2.479084e+003,5.545467e+000
2.479567e+003,5.541184e+000
2.480049e+003,5.536560e+000
2.480531e+003,5.531517e+000
2.481013e+003,5.526016e+000
2.481495e+003,5.520079e+000
2.481977e+003,5.513815e+000
2.482459e+003,5.507413e+000
2.482941e+003,5.501103e+000
2.483424e+003,5.495114e+000
2.483906e+003,5.489610e+000
2.484388e+003,5.484667e+000
2.484870e+003,5.480258e+000
2.485352e+003,5.476277e+000
2.485834e+003,5.472580e+000
2.486316e+003,5.469025e+000
2.486799e+003,5.465509e+000
2.487281e+003,5.461978e+000
2.487763e+003,5.458430e+000
2.488245e+003,5.454892e+000
2.488727e+003,5.451405e+000
2.489209e+003,5.447999e+000
2.489691e+003,5.444679e+000
2.490173e+003,5.441403e+000
2.490656e+003,5.438089e+000
2.491138e+003,5.434609e+000
2.491620e+003,5.430823e+000
2.492102e+003,5.426610e+000
2.492584e+003,5.421912e+000
2.493066e+003,5.416765e+000
2.493548e+003,5.411325e+000
2.494030e+003,5.405830e+000
2.494512e+003,5.400567e+000
2.494995e+003,5.395790e+000
2.495477e+003,5.391663e+000
2.495959e+003,5.388210e+000
2.496441e+003,5.385318e+000
2.496923e+003,5.382772e+000
2.497405e+003,5.380313e+000
2.497887e+003,5.377717e+000
2.498370e+003,5.374840e+000
2.498852e+003,5.371641e+000
2.499334e+003,5.368175e+000
2.499816e+003,5.364549e+000
2.500298e+003,5.360888e+000
2.500780e+003,5.357282e+000
2.501262e+003,5.353763e+000
2.501744e+003,5.350305e+000
2.502227e+003,5.346829e+000
2.502709e+003,5.343229e+000
2.503191e+003,5.339405e+000
2.503673e+003,5.335289e+000
2.504155e+003,5.330864e+000
2.504637e+003,5.326177e+000
2.505119e+003,5.321332e+000
2.505601e+003,5.316480e+000
2.506083e+003,5.311787e+000
2.506566e+003,5.307411e+000
2.507048e+003,5.303473e+000
2.507530e+003,5.300029e+000
2.508012e+003,5.297074e+000
2.508494e+003,5.294519e+000
2.508976e+003,5.292217e+000
2.509458e+003,5.289957e+000
2.509940e+003,5.287502e+000
2.510423e+003,5.284616e+000
2.510905e+003,5.281098e+000
2.511387e+003,5.276834e+000
2.511869e+003,5.271817e+000
2.512351e+003,5.266164e+000
2.512833e+003,5.260106e+000
2.513315e+003,5.253941e+000
2.513798e+003,5.247984e+000
2.514280e+003,5.242499e+000
2.514762e+003,5.237664e+000
2.515244e+003,5.233554e+000
2.515726e+003,5.230148e+000
2.516208e+003,5.227380e+000
2.516690e+003,5.225159e+000
2.517172e+003,5.223409e+000
2.517655e+003,5.222058e+000
2.518137e+003,5.221032e+000
2.518619e+003,5.220221e+000
2.519101e+003,5.219464e+000
2.519583e+003,5.218546e+000
2.520065e+003,5.217229e+000
2.520547e+003,5.215288e+000
2.521029e+003,5.212564e+000
2.521511e+003,5.209000e+000
2.521994e+003,5.204660e+000
2.522476e+003,5.199716e+000
2.522958e+003,5.194418e+000
2.523440e+003,5.189049e+000
2.523922e+003,5.183867e+000
2.524404e+003,5.179080e+000
2.524886e+003,5.174807e+000
2.525368e+003,5.171087e+000
2.525851e+003,5.167892e+000
2.526333e+003,5.165155e+000
2.526815e+003,5.162812e+000
2.527297e+003,5.160820e+000
2.527779e+003,5.159161e+000
2.528261e+003,5.157839e+000
2.528743e+003,5.156844e+000
2.529226e+003,5.156119e+000
2.529708e+003,5.155554e+000
2.530190e+003,5.154991e+000
2.530672e+003,5.154256e+000
2.531154e+003,5.153221e+000
2.531636e+003,5.151841e+000
2.532118e+003,5.150178e+000
2.532600e+003,5.148390e+000
2.533083e+003,5.146684e+000
2.533565e+003,5.145240e+000
2.534047e+003,5.144162e+000
2.534529e+003,5.143442e+000
2.535011e+003,5.142967e+000
2.535493e+003,5.142556e+000
2.535975e+003,5.142019e+000
2.536457e+003,5.141206e+000
2.536939e+003,5.140032e+000
2.537422e+003,5.138480e+000
2.537904e+003,5.136572e+000
2.538386e+003,5.134350e+000
2.538868e+003,5.131845e+000
2.539350e+003,5.129084e+000
2.539832e+003,5.126097e+000
2.540314e+003,5.122938e+000
2.540796e+003,5.119698e+000
2.541279e+003,5.116496e+000
2.541761e+003,5.113473e+000
2.542243e+003,5.110757e+000
2.542725e+003,5.108436e+000
2.543207e+003,5.106533e+000
2.543689e+003,5.105002e+000
2.544171e+003,5.103730e+000
2.544654e+003,5.102562e+000
2.545135e+003,5.101328e+000
2.545618e+003,5.099877e+000
2.546100e+003,5.098113e+000
2.546582e+003,5.096014e+000
2.547064e+003,5.093646e+000
2.547546e+003,5.091141e+000
2.548028e+003,5.088676e+000
2.548510e+003,5.086432e+000
2.548993e+003,5.084547e+000
2.549475e+003,5.083097e+000
2.549957e+003,5.082085e+000
2.550439e+003,5.081460e+000
2.550921e+003,5.081139e+000
2.551403e+003,5.081031e+000
2.551885e+003,5.081059e+000
2.552367e+003,5.081154e+000
2.552850e+003,5.081248e+000
2.553332e+003,5.081265e+000
2.553814e+003,5.081116e+000
2.554296e+003,5.080719e+000
2.554778e+003,5.080025e+000
2.555260e+003,5.079030e+000
2.555742e+003,5.077792e+000
2.556224e+003,5.076420e+000
2.556707e+003,5.075031e+000
2.557189e+003,5.073720e+000
2.557671e+003,5.072521e+000
2.558153e+003,5.071410e+000
2.558635e+003,5.070313e+000
2.559117e+003,5.069149e+000
2.559599e+003,5.067863e+000
2.560082e+003,5.066461e+000
2.560563e+003,5.065001e+000
2.561046e+003,5.063584e+000
2.561528e+003,5.062312e+000
2.562010e+003,5.061258e+000
2.562492e+003,5.060447e+000
2.562974e+003,5.059848e+000
2.563456e+003,5.059388e+000
2.563938e+003,5.058978e+000
2.564421e+003,5.058522e+000
2.564903e+003,5.057945e+000
2.565385e+003,5.057194e+000
2.565867e+003,5.056242e+000
2.566349e+003,5.055086e+000
2.566831e+003,5.053750e+000
2.567313e+003,5.052284e+000
2.567795e+003,5.050758e+000
2.568278e+003,5.049258e+000
2.568760e+003,5.047881e+000
2.569242e+003,5.046712e+000
2.569724e+003,5.045818e+000
2.570206e+003,5.045236e+000
2.570688e+003,5.044956e+000
2.571170e+003,5.044921e+000
2.571652e+003,5.045032e+000
2.572135e+003,5.045154e+000
2.572617e+003,5.045145e+000
2.573099e+003,5.044878e+000
2.573581e+003,5.044272e+000
2.574063e+003,5.043322e+000
2.574545e+003,5.042097e+000
2.575027e+003,5.040733e+000
2.575510e+003,5.039395e+000
2.575991e+003,5.038240e+000
2.576474e+003,5.037371e+000
2.576956e+003,5.036808e+000
2.577438e+003,5.036497e+000
2.577920e+003,5.036314e+000
2.578402e+003,5.036111e+000
2.578884e+003,5.035738e+000
2.579366e+003,5.035079e+000
2.579849e+003,5.034051e+000
2.580331e+003,5.032611e+000
2.580813e+003,5.030761e+000
2.581295e+003,5.028537e+000
2.581777e+003,5.026030e+000
2.582259e+003,5.023394e+000
2.582741e+003,5.020843e+000
2.583223e+003,5.018637e+000
2.583706e+003,5.017038e+000
2.584188e+003,5.016248e+000
2.584670e+003,5.016362e+000
2.585152e+003,5.017325e+000
2.585634e+003,5.018939e+000
2.586116e+003,5.020900e+000
2.586598e+003,5.022859e+000
2.587080e+003,5.024500e+000
2.587563e+003,5.025596e+000
2.588045e+003,5.026037e+000
2.588527e+003,5.025823e+000
2.589009e+003,5.025029e+000
2.589491e+003,5.023755e+000
2.589973e+003,5.022093e+000
2.590455e+003,5.020104e+000
2.590938e+003,5.017830e+000
2.591419e+003,5.015304e+000
2.591902e+003,5.012594e+000
2.592384e+003,5.009802e+000
2.592866e+003,5.007079e+000
2.593348e+003,5.004591e+000
2.593830e+003,5.002493e+000
2.594312e+003,5.000900e+000
2.594794e+003,4.999860e+000
2.595277e+003,4.999346e+000
2.595759e+003,4.999272e+000
2.596241e+003,4.999509e+000
2.596723e+003,4.999911e+000
2.597205e+003,5.000350e+000
2.597687e+003,5.000707e+000
2.598169e+003,5.000906e+000
2.598651e+003,5.000897e+000
2.599134e+003,5.000665e+000
2.599616e+003,5.000228e+000
2.600098e+003,4.999630e+000
2.600580e+003,4.998939e+000
2.601062e+003,4.998222e+000
2.601544e+003,4.997539e+000
2.602026e+003,4.996904e+000
2.602508e+003,4.996280e+000
2.602990e+003,4.995574e+000
2.603473e+003,4.994655e+000
2.603955e+003,4.993391e+000
2.604437e+003,4.991695e+000
2.604919e+003,4.989562e+000
2.605401e+003,4.987084e+000
2.605883e+003,4.984446e+000
2.606365e+003,4.981883e+000
2.606847e+003,4.979633e+000
2.607330e+003,4.977876e+000
2.607812e+003,4.976702e+000
2.608294e+003,4.976089e+000
2.608776e+003,4.975912e+000
2.609258e+003,4.975976e+000
2.609740e+003,4.976049e+000
2.610222e+003,4.975903e+000
2.610705e+003,4.975327e+000
2.611187e+003,4.974168e+000
2.611669e+003,4.972328e+000
2.612151e+003,4.969790e+000
2.612633e+003,4.966622e+000
2.613115e+003,4.962989e+000
2.613597e+003,4.959131e+000
2.614079e+003,4.955344e+000
2.614562e+003,4.951922e+000
2.615044e+003,4.949097e+000
2.615526e+003,4.946976e+000
2.616008e+003,4.945512e+000
2.616490e+003,4.944499e+000
2.616972e+003,4.943616e+000
2.617454e+003,4.942499e+000
2.617936e+003,4.940825e+000
2.618418e+003,4.938398e+000
2.618901e+003,4.935186e+000
2.619383e+003,4.931326e+000
2.619865e+003,4.927091e+000
2.620347e+003,4.922812e+000
2.620829e+003,4.918804e+000
2.621311e+003,4.915302e+000
2.621793e+003,4.912418e+000
2.622276e+003,4.910146e+000
2.622758e+003,4.908385e+000
2.623240e+003,4.906983e+000
2.623722e+003,4.905784e+000
2.624204e+003,4.904664e+000
2.624686e+003,4.903539e+000
2.625168e+003,4.902369e+000
2.625650e+003,4.901138e+000
2.626133e+003,4.899831e+000
2.626615e+003,4.898414e+000
2.627097e+003,4.896831e+000
2.627579e+003,4.894991e+000
2.628061e+003,4.892788e+000
2.628543e+003,4.890111e+000
2.629025e+003,4.886868e+000
2.629507e+003,4.883010e+000
2.629990e+003,4.878564e+000
2.630472e+003,4.873643e+000
2.630954e+003,4.868451e+000
2.631436e+003,4.863268e+000
2.631918e+003,4.858401e+000
2.632400e+003,4.854132e+000
2.632882e+003,4.850658e+000
2.633364e+003,4.848037e+000
2.633846e+003,4.846166e+000
2.634329e+003,4.844806e+000
2.634811e+003,4.843614e+000
2.635293e+003,4.842229e+000
2.635775e+003,4.840337e+000
2.636257e+003,4.837740e+000
2.636739e+003,4.834383e+000
2.637221e+003,4.830357e+000
2.637704e+003,4.825867e+000
2.638186e+003,4.821177e+000
2.638668e+003,4.816566e+000
2.639150e+003,4.812264e+000
2.639632e+003,4.808430e+000
2.640114e+003,4.805130e+000
2.640596e+003,4.802345e+000
2.641078e+003,4.799987e+000
2.641561e+003,4.797926e+000
2.642043e+003,4.796020e+000
2.642525e+003,4.794137e+000
2.643007e+003,4.792178e+000
2.643489e+003,4.790081e+000
2.643971e+003,4.787815e+000
2.644453e+003,4.785372e+000
2.644935e+003,4.782759e+000
2.645417e+003,4.779983e+000
2.645900e+003,4.777050e+000
2.646382e+003,4.773972e+000
2.646864e+003,4.770760e+000
2.647346e+003,4.767429e+000
2.647828e+003,4.763991e+000
2.648310e+003,4.760450e+000
2.648792e+003,4.756799e+000
2.649274e+003,4.753028e+000
2.649757e+003,4.749135e+000
2.650239e+003,4.745149e+000
2.650721e+003,4.741131e+000
2.651203e+003,4.737187e+000
2.651685e+003,4.733438e+000
2.652167e+003,4.729995e+000
2.652649e+003,4.726914e+000
2.653132e+003,4.724170e+000
2.653614e+003,4.721652e+000
2.654096e+003,4.719179e+000
2.654578e+003,4.716540e+000
2.655060e+003,4.713542e+000
2.655542e+003,4.710049e+000
2.656024e+003,4.706009e+000
2.656506e+003,4.701455e+000
2.656989e+003,4.696496e+000
2.657471e+003,4.691281e+000
2.657953e+003,4.685988e+000
2.658435e+003,4.680791e+000
2.658917e+003,4.675849e+000
2.659399e+003,4.671288e+000
2.659881e+003,4.667185e+000
2.660363e+003,4.663551e+000
2.660845e+003,4.660322e+000
2.661328e+003,4.657370e+000
2.661810e+003,4.654517e+000
2.662292e+003,4.651582e+000
2.662774e+003,4.648412e+000
2.663256e+003,4.644934e+000
2.663738e+003,4.641155e+000
2.664220e+003,4.637172e+000
2.664702e+003,4.633130e+000
2.665185e+003,4.629193e+000
2.665667e+003,4.625495e+000
2.666149e+003,4.622116e+000
2.666631e+003,4.619069e+000
2.667113e+003,4.616314e+000
2.667595e+003,4.613776e+000
2.668077e+003,4.611368e+000
2.668560e+003,4.609007e+000
2.669042e+003,4.606631e+000
2.669524e+003,4.604194e+000
2.670006e+003,4.601651e+000
2.670488e+003,4.598962e+000
2.670970e+003,4.596079e+000
2.671452e+003,4.592950e+000
2.671934e+003,4.589527e+000
2.672417e+003,4.585783e+000
2.672899e+003,4.581726e+000
2.673381e+003,4.577408e+000
2.673863e+003,4.572922e+000
2.674345e+003,4.568392e+000
2.674827e+003,4.563949e+000
2.675309e+003,4.559700e+000
2.675791e+003,4.555709e+000
2.676273e+003,4.551989e+000
2.676756e+003,4.548503e+000
2.677238e+003,4.545179e+000
2.677720e+003,4.541945e+000
2.678202e+003,4.538732e+000
2.678684e+003,4.535488e+000
2.679166e+003,4.532183e+000
2.679648e+003,4.528783e+000
2.680130e+003,4.525256e+000
2.680613e+003,4.521566e+000
2.681095e+003,4.517675e+000
2.681577e+003,4.513577e+000
2.682059e+003,4.509295e+000
2.682541e+003,4.504906e+000
2.683023e+003,4.500523e+000
2.683505e+003,4.496277e+000
2.683988e+003,4.492296e+000
2.684469e+003,4.488675e+000
2.684952e+003,4.485465e+000
2.685434e+003,4.482670e+000
2.685916e+003,4.480248e+000
2.686398e+003,4.478122e+000
2.686880e+003,4.476186e+000
2.687362e+003,4.474310e+000
2.687844e+003,4.472342e+000
2.688327e+003,4.470112e+000
2.688809e+003,4.467459e+000
2.689291e+003,4.464244e+000
2.689773e+003,4.460388e+000
2.690255e+003,4.455887e+000
2.690737e+003,4.450828e+000
2.691219e+003,4.445378e+000
2.691701e+003,4.439767e+000
2.692184e+003,4.434248e+000
2.692666e+003,4.429061e+000
2.693148e+003,4.424398e+000
2.693630e+003,4.420375e+000
2.694112e+003,4.417019e+000
2.694594e+003,4.414264e+000
2.695076e+003,4.411978e+000
2.695558e+003,4.409982e+000
2.696041e+003,4.408105e+000
2.696523e+003,4.406208e+000
2.697005e+003,4.404227e+000
2.697487e+003,4.402179e+000
2.697969e+003,4.400142e+000
2.698451e+003,4.398228e+000
2.698933e+003,4.396522e+000
2.699416e+003,4.395046e+000
2.699897e+003,4.393734e+000
2.700380e+003,4.392427e+000
2.700862e+003,4.390917e+000
2.701344e+003,4.388994e+000
2.701826e+003,4.386502e+000
2.702308e+003,4.383379e+000
2.702790e+003,4.379674e+000
2.703272e+003,4.375530e+000
2.703755e+003,4.371153e+000
2.704237e+003,4.366766e+000
2.704719e+003,4.362566e+000
2.705201e+003,4.358699e+000
2.705683e+003,4.355239e+000
2.706165e+003,4.352186e+000
2.706647e+003,4.349487e+000
2.707129e+003,4.347037e+000
2.707612e+003,4.344722e+000
2.708094e+003,4.342423e+000
2.708576e+003,4.340055e+000
2.709058e+003,4.337569e+000
2.709540e+003,4.334965e+000
2.710022e+003,4.332276e+000
2.710504e+003,4.329563e+000
2.710986e+003,4.326883e+000
2.711469e+003,4.324266e+000
2.711951e+003,4.321710e+000
2.712433e+003,4.319169e+000
2.712915e+003,4.316568e+000
2.713397e+003,4.313824e+000
2.713879e+003,4.310859e+000
2.714361e+003,4.307634e+000
2.714844e+003,4.304154e+000
2.715325e+003,4.300480e+000
2.715808e+003,4.296722e+000
2.716290e+003,4.293032e+000
2.716772e+003,4.289576e+000
2.717254e+003,4.286518e+000
2.717736e+003,4.283991e+000
2.718218e+003,4.282080e+000
2.718700e+003,4.280796e+000
2.719183e+003,4.280081e+000
2.719665e+003,4.279796e+000
2.720147e+003,4.279745e+000
2.720629e+003,4.279685e+000
2.721111e+003,4.279364e+000
2.721593e+003,4.278547e+000
2.722075e+003,4.277062e+000
2.722557e+003,4.274834e+000
2.723040e+003,4.271913e+000
2.723522e+003,4.268472e+000
2.724004e+003,4.264798e+000
2.724486e+003,4.261230e+000
2.724968e+003,4.258092e+000
2.725450e+003,4.255625e+000
2.725932e+003,4.253923e+000
2.726414e+003,4.252913e+000
2.726896e+003,4.252384e+000
2.727379e+003,4.252035e+000
2.727861e+003,4.251570e+000
2.728343e+003,4.250755e+000
2.728825e+003,4.249483e+000
2.729307e+003,4.247766e+000
2.729789e+003,4.245708e+000
2.730271e+003,4.243441e+000
2.730753e+003,4.241076e+000
2.731236e+003,4.238652e+000
2.731718e+003,4.236139e+000
2.732200e+003,4.233455e+000
2.732682e+003,4.230511e+000
2.733164e+003,4.227266e+000
2.733646e+003,4.223758e+000
2.734128e+003,4.220115e+000
2.734611e+003,4.216547e+000
2.735093e+003,4.213297e+000
2.735575e+003,4.210601e+000
2.736057e+003,4.208633e+000
2.736539e+003,4.207469e+000
2.737021e+003,4.207063e+000
2.737503e+003,4.207264e+000
2.737985e+003,4.207834e+000
2.738468e+003,4.208494e+000
2.738950e+003,4.208971e+000
2.739432e+003,4.209037e+000
2.739914e+003,4.208538e+000
2.740396e+003,4.207387e+000
2.740878e+003,4.205574e+000
2.741360e+003,4.203138e+000
2.741842e+003,4.200166e+000
2.742324e+003,4.196784e+000
2.742807e+003,4.193157e+000
2.743289e+003,4.189487e+000
2.743771e+003,4.186001e+000
2.744253e+003,4.182916e+000
2.744735e+003,4.180408e+000
2.745217e+003,4.178565e+000
2.745699e+003,4.177365e+000
2.746182e+003,4.176677e+000
2.746664e+003,4.176280e+000
2.747146e+003,4.175925e+000
2.747628e+003,4.175371e+000
2.748110e+003,4.174451e+000
2.748592e+003,4.173092e+000
2.749074e+003,4.171320e+000
2.749556e+003,4.169252e+000
2.750039e+003,4.167070e+000
2.750521e+003,4.164983e+000
2.751003e+003,4.163201e+000
2.751485e+003,4.161883e+000
2.751967e+003,4.161118e+000
2.752449e+003,4.160873e+000
2.752931e+003,4.161002e+000
2.753413e+003,4.161248e+000
2.753896e+003,4.161297e+000
2.754378e+003,4.160844e+000
2.754860e+003,4.159675e+000
2.755342e+003,4.157724e+000
2.755824e+003,4.155098e+000
2.756306e+003,4.152055e+000
2.756788e+003,4.148934e+000
2.757270e+003,4.146077e+000
2.757752e+003,4.143745e+000
2.758235e+003,4.142068e+000
2.758717e+003,4.141037e+000
2.759199e+003,4.140522e+000
2.759681e+003,4.140321e+000
2.760163e+003,4.140210e+000
2.760645e+003,4.139977e+000
2.761127e+003,4.139448e+000
2.761610e+003,4.138502e+000
2.762092e+003,4.137081e+000
2.762574e+003,4.135188e+000
2.763056e+003,4.132900e+000
2.763538e+003,4.130358e+000
2.764020e+003,4.127747e+000
2.764502e+003,4.125270e+000
2.764984e+003,4.123096e+000
2.765467e+003,4.121336e+000
2.765949e+003,4.120014e+000
2.766431e+003,4.119068e+000
2.766913e+003,4.118378e+000
2.767395e+003,4.117801e+000
2.767877e+003,4.117200e+000
2.768359e+003,4.116480e+000
2.768841e+003,4.115589e+000
2.769323e+003,4.114515e+000
2.769806e+003,4.113271e+000
2.770288e+003,4.111877e+000
2.770770e+003,4.110345e+000
2.771252e+003,4.108679e+000
2.771734e+003,4.106872e+000
2.772216e+003,4.104927e+000
2.772698e+003,4.102870e+000
2.773180e+003,4.100760e+000
2.773663e+003,4.098708e+000
2.774145e+003,4.096858e+000
2.774627e+003,4.095370e+000
2.775109e+003,4.094380e+000
2.775591e+003,4.093953e+000
2.776073e+003,4.094038e+000
2.776555e+003,4.094465e+000
2.777038e+003,4.094956e+000
2.777520e+003,4.095190e+000
2.778002e+003,4.094871e+000
2.778484e+003,4.093811e+000
2.778966e+003,4.091984e+000
2.779448e+003,4.089527e+000
2.779930e+003,4.086710e+000
2.780412e+003,4.083861e+000
2.780895e+003,4.081282e+000
2.781377e+003,4.079188e+000
2.781859e+003,4.077659e+000
2.782341e+003,4.076643e+000
2.782823e+003,4.075976e+000
2.783305e+003,4.075424e+000
2.783787e+003,4.074727e+000
2.784269e+003,4.073637e+000
2.784751e+003,4.071961e+000
2.785234e+003,4.069586e+000
2.785716e+003,4.066517e+000
2.786198e+003,4.062887e+000
2.786680e+003,4.058957e+000
2.787162e+003,4.055087e+000
2.787644e+003,4.051670e+000
2.788126e+003,4.049053e+000
2.788608e+003,4.047463e+000
2.789091e+003,4.046942e+000
2.789573e+003,4.047339e+000
2.790055e+003,4.048340e+000
2.790537e+003,4.049536e+000
2.791019e+003,4.050517e+000
2.791501e+003,4.050949e+000
2.791983e+003,4.050637e+000
2.792466e+003,4.049535e+000
2.792948e+003,4.047739e+000
2.793430e+003,4.045434e+000
2.793912e+003,4.042845e+000
2.794394e+003,4.040184e+000
2.794876e+003,4.037616e+000
2.795358e+003,4.035240e+000
2.795840e+003,4.033089e+000
2.796323e+003,4.031153e+000
2.796805e+003,4.029394e+000
2.797287e+003,4.027777e+000
2.797769e+003,4.026284e+000
2.798251e+003,4.024920e+000
2.798733e+003,4.023705e+000
2.799215e+003,4.022652e+000
2.799697e+003,4.021745e+000
2.800179e+003,4.020926e+000
2.800662e+003,4.020084e+000
2.801144e+003,4.019075e+000
2.801626e+003,4.017738e+000
2.802108e+003,4.015931e+000
2.802590e+003,4.013554e+000
2.803072e+003,4.010572e+000
2.803554e+003,4.007014e+000
2.804036e+003,4.002966e+000
2.804519e+003,3.998559e+000
2.805001e+003,3.993948e+000
2.805483e+003,3.989298e+000
2.805965e+003,3.984762e+000
2.806447e+003,3.980473e+000
2.806929e+003,3.976521e+000
2.807411e+003,3.972948e+000
2.807894e+003,3.969744e+000
2.808375e+003,3.966851e+000
2.808858e+003,3.964175e+000
2.809340e+003,3.961613e+000
2.809822e+003,3.959074e+000
2.810304e+003,3.956494e+000
2.810786e+003,3.953838e+000
2.811268e+003,3.951104e+000
2.811750e+003,3.948302e+000
2.812233e+003,3.945451e+000
2.812715e+003,3.942578e+000
2.813197e+003,3.939718e+000
2.813679e+003,3.936929e+000
2.814161e+003,3.934290e+000
2.814643e+003,3.931908e+000
2.815125e+003,3.929890e+000
2.815607e+003,3.928329e+000
2.816090e+003,3.927256e+000
2.816572e+003,3.926635e+000
2.817054e+003,3.926346e+000
2.817536e+003,3.926204e+000
2.818018e+003,3.925996e+000
2.818500e+003,3.925524e+000
2.818982e+003,3.924647e+000
2.819464e+003,3.923314e+000
2.819947e+003,3.921557e+000
2.820429e+003,3.919483e+000
2.820911e+003,3.917221e+000
2.821393e+003,3.914887e+000
2.821875e+003,3.912544e+000
2.822357e+003,3.910179e+000
2.822839e+003,3.907715e+000
2.823322e+003,3.905044e+000
2.823803e+003,3.902063e+000
2.824286e+003,3.898722e+000
2.824768e+003,3.895050e+000
2.825250e+003,3.891163e+000
2.825732e+003,3.887238e+000
2.826214e+003,3.883485e+000
2.826696e+003,3.880094e+000
2.827178e+003,3.877192e+000
2.827661e+003,3.874817e+000
2.828143e+003,3.872911e+000
2.828625e+003,3.871322e+000
2.829107e+003,3.869843e+000
2.829589e+003,3.868238e+000
2.830071e+003,3.866297e+000
2.830553e+003,3.863862e+000
2.831035e+003,3.860866e+000
2.831518e+003,3.857341e+000
2.832000e+003,3.853419e+000
2.832482e+003,3.849305e+000
2.832964e+003,3.845245e+000
2.833446e+003,3.841481e+000
2.833928e+003,3.838215e+000
2.834410e+003,3.835581e+000
2.834892e+003,3.833629e+000
2.835375e+003,3.832322e+000
2.835857e+003,3.831554e+000
2.836339e+003,3.831146e+000
2.836821e+003,3.830873e+000
2.837303e+003,3.830482e+000
2.837785e+003,3.829712e+000
2.838267e+003,3.828336e+000
2.838750e+003,3.826205e+000
2.839231e+003,3.823282e+000
2.839714e+003,3.819666e+000
2.840196e+003,3.815583e+000
2.840678e+003,3.811343e+000
2.841160e+003,3.807265e+000
2.841642e+003,3.803609e+000
2.842124e+003,3.800502e+000
2.842606e+003,3.797919e+000
2.843089e+003,3.795701e+000
2.843571e+003,3.793607e+000
2.844053e+003,3.791395e+000
2.844535e+003,3.788895e+000
2.845017e+003,3.786052e+000
2.845499e+003,3.782938e+000
2.845981e+003,3.779717e+000
2.846463e+003,3.776604e+000
2.846946e+003,3.773787e+000
2.847428e+003,3.771391e+000
2.847910e+003,3.769442e+000
2.848392e+003,3.767860e+000
2.848874e+003,3.766484e+000
2.849356e+003,3.765116e+000
2.849838e+003,3.763558e+000
2.850320e+003,3.761669e+000
2.850802e+003,3.759392e+000
2.851285e+003,3.756764e+000
2.851767e+003,3.753891e+000
2.852249e+003,3.750906e+000
2.852731e+003,3.747915e+000
2.853213e+003,3.744954e+000
2.853695e+003,3.741968e+000
2.854177e+003,3.738836e+000
2.854659e+003,3.735409e+000
2.855142e+003,3.731587e+000
2.855624e+003,3.727360e+000
2.856106e+003,3.722846e+000
2.856588e+003,3.718258e+000
2.857070e+003,3.713862e+000
2.857552e+003,3.709900e+000
2.858034e+003,3.706536e+000
2.858517e+003,3.703818e+000
2.858999e+003,3.701688e+000
2.859481e+003,3.700019e+000
2.859963e+003,3.698655e+000
2.860445e+003,3.697463e+000
2.860927e+003,3.696355e+000
2.861409e+003,3.695287e+000
2.861891e+003,3.694253e+000
2.862374e+003,3.693253e+000
2.862856e+003,3.692288e+000
2.863338e+003,3.691336e+000
2.863820e+003,3.690359e+000
2.864302e+003,3.689302e+000
2.864784e+003,3.688103e+000
2.865266e+003,3.686701e+000
2.865748e+003,3.685056e+000
2.866230e+003,3.683155e+000
2.866713e+003,3.681027e+000
2.867195e+003,3.678738e+000
2.867677e+003,3.676375e+000
2.868159e+003,3.674013e+000
2.868641e+003,3.671692e+000
2.869123e+003,3.669388e+000
2.869605e+003,3.667020e+000
2.870088e+003,3.664470e+000
2.870570e+003,3.661642e+000
2.871052e+003,3.658495e+000
2.871534e+003,3.655082e+000
2.872016e+003,3.651548e+000
2.872498e+003,3.648098e+000
2.872980e+003,3.644939e+000
2.873462e+003,3.642222e+000
2.873945e+003,3.640005e+000
2.874427e+003,3.638248e+000
2.874909e+003,3.636830e+000
2.875391e+003,3.635592e+000
2.875873e+003,3.634380e+000
2.876355e+003,3.633077e+000
2.876837e+003,3.631609e+000
2.877319e+003,3.629956e+000
2.877802e+003,3.628129e+000
2.878284e+003,3.626174e+000
2.878766e+003,3.624154e+000
2.879248e+003,3.622146e+000
2.879730e+003,3.620221e+000
2.880212e+003,3.618443e+000
2.880694e+003,3.616827e+000
2.881176e+003,3.615356e+000
2.881658e+003,3.613960e+000
2.882141e+003,3.612550e+000
2.882623e+003,3.611042e+000
2.883105e+003,3.609390e+000
2.883587e+003,3.607599e+000
2.884069e+003,3.605733e+000
2.884551e+003,3.603877e+000
2.885033e+003,3.602122e+000
2.885516e+003,3.600517e+000
2.885998e+003,3.599061e+000
2.886480e+003,3.597697e+000
2.886962e+003,3.596330e+000
2.887444e+003,3.594849e+000
2.887926e+003,3.593151e+000
2.888408e+003,3.591161e+000
2.888890e+003,3.588835e+000
2.889373e+003,3.586168e+000
2.889855e+003,3.583194e+000
2.890337e+003,3.579984e+000
2.890819e+003,3.576648e+000
2.891301e+003,3.573323e+000
2.891783e+003,3.570158e+000
2.892265e+003,3.567296e+000
2.892747e+003,3.564849e+000
2.893229e+003,3.562879e+000
2.893712e+003,3.561392e+000
2.894194e+003,3.560336e+000
2.894676e+003,3.559615e+000
2.895158e+003,3.559108e+000
2.895640e+003,3.558680e+000
2.896122e+003,3.558199e+000
2.896604e+003,3.557556e+000
2.897086e+003,3.556667e+000
2.897569e+003,3.555495e+000
2.898051e+003,3.554044e+000
2.898533e+003,3.552357e+000
2.899015e+003,3.550506e+000
2.899497e+003,3.548565e+000
2.899979e+003,3.546587e+000
2.900461e+003,3.544590e+000
2.900944e+003,3.542556e+000
2.901426e+003,3.540446e+000
2.901908e+003,3.538228e+000
2.902390e+003,3.535903e+000
2.902872e+003,3.533522e+000
2.903354e+003,3.531198e+000
2.903836e+003,3.529076e+000
2.904318e+003,3.527315e+000
2.904801e+003,3.526043e+000
2.905283e+003,3.525339e+000
2.905765e+003,3.525195e+000
2.906247e+003,3.525530e+000
2.906729e+003,3.526178e+000
2.907211e+003,3.526916e+000
2.907693e+003,3.527485e+000
2.908175e+003,3.527627e+000
2.908657e+003,3.527125e+000
2.909140e+003,3.525849e+000
2.909622e+003,3.523767e+000
2.910104e+003,3.520966e+000
2.910586e+003,3.517622e+000
2.911068e+003,3.513968e+000
2.911550e+003,3.510235e+000
2.912032e+003,3.506601e+000
2.912514e+003,3.503172e+000
2.912997e+003,3.499968e+000
2.913479e+003,3.496950e+000
2.913961e+003,3.494055e+000
2.914443e+003,3.491218e+000
2.914925e+003,3.488409e+000
2.915407e+003,3.485620e+000
2.915889e+003,3.482872e+000
2.916372e+003,3.480196e+000
2.916854e+003,3.477632e+000
2.917336e+003,3.475232e+000
2.917818e+003,3.473067e+000
2.918300e+003,3.471227e+000
2.918782e+003,3.469809e+000
2.919264e+003,3.468892e+000
2.919746e+003,3.468511e+000
2.920229e+003,3.468627e+000
2.920711e+003,3.469133e+000
2.921193e+003,3.469860e+000
2.921675e+003,3.470623e+000
2.922157e+003,3.471256e+000
2.922639e+003,3.471663e+000
2.923121e+003,3.471808e+000
2.923603e+003,3.471737e+000
2.924085e+003,3.471526e+000
2.924568e+003,3.471269e+000
2.925050e+003,3.471023e+000
2.925532e+003,3.470805e+000
2.926014e+003,3.470567e+000
2.926496e+003,3.470211e+000
2.926978e+003,3.469598e+000
2.927460e+003,3.468566e+000
2.927942e+003,3.466964e+000
2.928425e+003,3.464676e+000
2.928907e+003,3.461655e+000
2.929389e+003,3.457955e+000
2.929871e+003,3.453738e+000
2.930353e+003,3.449278e+000
2.930835e+003,3.444930e+000
2.931317e+003,3.441083e+000
2.931800e+003,3.438098e+000
2.932281e+003,3.436253e+000
2.932764e+003,3.435684e+000
2.933246e+003,3.436369e+000
2.933728e+003,3.438128e+000
2.934210e+003,3.440642e+000
2.934692e+003,3.443510e+000
2.935174e+003,3.446300e+000
2.935656e+003,3.448615e+000
2.936139e+003,3.450148e+000
2.936621e+003,3.450716e+000
2.937103e+003,3.450286e+000
2.937585e+003,3.448962e+000
2.938067e+003,3.446968e+000
2.938549e+003,3.444587e+000
2.939031e+003,3.442121e+000
2.939513e+003,3.439819e+000
2.939996e+003,3.437848e+000
2.940478e+003,3.436271e+000
2.940960e+003,3.435044e+000
2.941442e+003,3.434058e+000
2.941924e+003,3.433174e+000
2.942406e+003,3.432267e+000
2.942888e+003,3.431269e+000
2.943370e+003,3.430178e+000
2.943853e+003,3.429054e+000
2.944335e+003,3.427994e+000
2.944817e+003,3.427094e+000
2.945299e+003,3.426415e+000
2.945781e+003,3.425960e+000
2.946263e+003,3.425670e+000
2.946745e+003,3.425439e+000
2.947228e+003,3.425143e+000
2.947709e+003,3.424670e+000
2.948192e+003,3.423943e+000
2.948674e+003,3.422933e+000
2.949156e+003,3.421652e+000
2.949638e+003,3.420140e+000
2.950120e+003,3.418436e+000
2.950602e+003,3.416577e+000
2.951084e+003,3.414582e+000
2.951567e+003,3.412469e+000
2.952049e+003,3.410259e+000
2.952531e+003,3.407991e+000
2.953013e+003,3.405723e+000
2.953495e+003,3.403526e+000
2.953977e+003,3.401471e+000
2.954459e+003,3.399610e+000
2.954941e+003,3.397965e+000
2.955424e+003,3.396527e+000
2.955906e+003,3.395259e+000
2.956388e+003,3.394109e+000
2.956870e+003,3.393029e+000
2.957352e+003,3.391992e+000
2.957834e+003,3.390986e+000
2.958316e+003,3.390029e+000
2.958798e+003,3.389149e+000
2.959281e+003,3.388378e+000
2.959763e+003,3.387731e+000
2.960245e+003,3.387199e+000
2.960727e+003,3.386746e+000
2.961209e+003,3.386313e+000
2.961691e+003,3.385833e+000
2.962173e+003,3.385254e+000
2.962656e+003,3.384556e+000
2.963137e+003,3.383758e+000
2.963620e+003,3.382917e+000
2.964102e+003,3.382102e+000
2.964584e+003,3.381370e+000
2.965066e+003,3.380745e+000
2.965548e+003,3.380195e+000
2.966030e+003,3.379648e+000
2.966512e+003,3.379014e+000
2.966995e+003,3.378212e+000
2.967477e+003,3.377204e+000
2.967959e+003,3.376008e+000
2.968441e+003,3.374682e+000
2.968923e+003,3.373306e+000
2.969405e+003,3.371936e+000
2.969887e+003,3.370596e+000
2.970369e+003,3.369252e+000
2.970852e+003,3.367837e+000
2.971334e+003,3.366276e+000
2.971816e+003,3.364517e+000
2.972298e+003,3.362570e+000
2.972780e+003,3.360503e+000
2.973262e+003,3.358444e+000
2.973744e+003,3.356552e+000
2.974226e+003,3.354980e+000
2.974708e+003,3.353848e+000
2.975191e+003,3.353208e+000
2.975673e+003,3.353030e+000
2.976155e+003,3.353212e+000
2.976637e+003,3.353582e+000
2.977119e+003,3.353944e+000
2.977601e+003,3.354108e+000
2.978083e+003,3.353934e+000
2.978565e+003,3.353361e+000
2.979048e+003,3.352414e+000
2.979530e+003,3.351190e+000
2.980012e+003,3.349821e+000
2.980494e+003,3.348422e+000
2.980976e+003,3.347053e+000
2.981458e+003,3.345694e+000
2.981940e+003,3.344252e+000
2.982423e+003,3.342602e+000
2.982905e+003,3.340634e+000
2.983387e+003,3.338306e+000
2.983869e+003,3.335668e+000
2.984351e+003,3.332871e+000
2.984833e+003,3.330127e+000
2.985315e+003,3.327669e+000
2.985797e+003,3.325689e+000
2.986280e+003,3.324301e+000
2.986762e+003,3.323508e+000
2.987244e+003,3.323205e+000
2.987726e+003,3.323190e+000
2.988208e+003,3.323207e+000
2.988690e+003,3.322975e+000
2.989172e+003,3.322252e+000
2.989654e+003,3.320857e+000
2.990136e+003,3.318715e+000
2.990619e+003,3.315860e+000
2.991101e+003,3.312431e+000
2.991583e+003,3.308640e+000
2.992065e+003,3.304730e+000
2.992547e+003,3.300928e+000
2.993029e+003,3.297418e+000
2.993511e+003,3.294308e+000
2.993994e+003,3.291648e+000
2.994476e+003,3.289438e+000
2.994958e+003,3.287657e+000
2.995440e+003,3.286274e+000
2.995922e+003,3.285254e+000
2.996404e+003,3.284541e+000
2.996886e+003,3.284048e+000
2.997368e+003,3.283654e+000
2.997851e+003,3.283216e+000
2.998333e+003,3.282591e+000
2.998815e+003,3.281683e+000
2.999297e+003,3.280473e+000
2.999779e+003,3.279033e+000
3.000261e+003,3.277516e+000
3.000743e+003,3.276124e+000
3.001225e+003,3.275051e+000
3.001708e+003,3.274435e+000
3.002190e+003,3.274324e+000
3.002672e+003,3.274665e+000
3.003154e+003,3.275317e+000
3.003636e+003,3.276091e+000
3.004118e+003,3.276789e+000
3.004600e+003,3.277251e+000
3.005082e+003,3.277369e+000
3.005564e+003,3.277095e+000
3.006047e+003,3.276427e+000
3.006529e+003,3.275390e+000
3.007011e+003,3.274024e+000
3.007493e+003,3.272377e+000
3.007975e+003,3.270512e+000
3.008457e+003,3.268526e+000
3.008939e+003,3.266546e+000
3.009422e+003,3.264734e+000
3.009904e+003,3.263252e+000
3.010386e+003,3.262214e+000
3.010868e+003,3.261641e+000
3.011350e+003,3.261433e+000
3.011832e+003,3.261362e+000
3.012314e+003,3.261126e+000
3.012796e+003,3.260419e+000
3.013279e+003,3.259024e+000
3.013761e+003,3.256878e+000
3.014243e+003,3.254103e+000
3.014725e+003,3.250973e+000
3.015207e+003,3.247842e+000
3.015689e+003,3.245034e+000
3.016171e+003,3.242759e+000
3.016653e+003,3.241050e+000
3.017135e+003,3.239767e+000
3.017618e+003,3.238645e+000
3.018100e+003,3.237378e+000
3.018582e+003,3.235707e+000
3.019064e+003,3.233482e+000
3.019546e+003,3.230686e+000
3.020028e+003,3.227423e+000
3.020510e+003,3.223873e+000
3.020992e+003,3.220244e+000
3.021475e+003,3.216729e+000
3.021957e+003,3.213487e+000
3.022439e+003,3.210638e+000
3.022921e+003,3.208275e+000
3.023403e+003,3.206470e+000
3.023885e+003,3.205282e+000
3.024367e+003,3.204744e+000
3.024850e+003,3.204841e+000
3.025332e+003,3.205492e+000
3.025814e+003,3.206540e+000
3.026296e+003,3.207760e+000
3.026778e+003,3.208889e+000
3.027260e+003,3.209676e+000
3.027742e+003,3.209920e+000
3.028224e+003,3.209522e+000
3.028707e+003,3.208489e+000
3.029189e+003,3.206926e+000
3.029671e+003,3.205005e+000
3.030153e+003,3.202914e+000
3.030635e+003,3.200817e+000
3.031117e+003,3.198827e+000
3.031599e+003,3.197010e+000
3.032081e+003,3.195388e+000
3.032563e+003,3.193978e+000
3.033046e+003,3.192788e+000
3.033528e+003,3.191831e+000
3.034010e+003,3.191096e+000
3.034492e+003,3.190530e+000
3.034974e+003,3.190026e+000
3.035456e+003,3.189430e+000
3.035938e+003,3.188576e+000
3.036420e+003,3.187340e+000
3.036903e+003,3.185682e+000
3.037385e+003,3.183675e+000
3.037867e+003,3.181503e+000
3.038349e+003,3.179419e+000
3.038831e+003,3.177685e+000
3.039313e+003,3.176523e+000
3.039795e+003,3.176048e+000
3.040278e+003,3.176259e+000
3.040760e+003,3.177037e+000
3.041242e+003,3.178162e+000
3.041724e+003,3.179356e+000
3.042206e+003,3.180321e+000
3.042688e+003,3.180777e+000
3.043170e+003,3.180505e+000
3.043652e+003,3.179387e+000
3.044135e+003,3.177429e+000
3.044617e+003,3.174768e+000
3.045099e+003,3.171650e+000
3.045581e+003,3.168379e+000
3.046063e+003,3.165260e+000
3.046545e+003,3.162522e+000
3.047027e+003,3.160288e+000
3.047509e+003,3.158552e+000
3.047991e+003,3.157218e+000
3.048474e+003,3.156143e+000
3.048956e+003,3.155202e+000
3.049438e+003,3.154323e+000
3.049920e+003,3.153500e+000
3.050402e+003,3.152769e+000
3.050884e+003,3.152168e+000
3.051366e+003,3.151697e+000
3.051848e+003,3.151305e+000
3.052331e+003,3.150882e+000
3.052813e+003,3.150308e+000
3.053295e+003,3.149472e+000
3.053777e+003,3.148321e+000
3.054259e+003,3.146862e+000
3.054741e+003,3.145167e+000
3.055223e+003,3.143342e+000
3.055706e+003,3.141493e+000
3.056188e+003,3.139688e+000
3.056670e+003,3.137940e+000
3.057152e+003,3.136186e+000
3.057634e+003,3.134312e+000
3.058116e+003,3.132167e+000
3.058598e+003,3.129619e+000
3.059080e+003,3.126590e+000
3.059563e+003,3.123101e+000
3.060045e+003,3.119285e+000
3.060527e+003,3.115388e+000
3.061009e+003,3.111717e+000
3.061491e+003,3.108598e+000
3.061973e+003,3.106297e+000
3.062455e+003,3.104980e+000
3.062937e+003,3.104672e+000
3.063419e+003,3.105276e+000
3.063902e+003,3.106595e+000
3.064384e+003,3.108382e+000
3.064866e+003,3.110382e+000
3.065348e+003,3.112364e+000
3.065830e+003,3.114125e+000
3.066312e+003,3.115496e+000
3.066794e+003,3.116336e+000
3.067276e+003,3.116536e+000
3.067759e+003,3.116032e+000
3.068241e+003,3.114830e+000
3.068723e+003,3.113012e+000
3.069205e+003,3.110736e+000
3.069687e+003,3.108217e+000
3.070169e+003,3.105688e+000
3.070651e+003,3.103363e+000
3.071134e+003,3.101398e+000
3.071615e+003,3.099883e+000
3.072098e+003,3.098836e+000
3.072580e+003,3.098221e+000
3.073062e+003,3.097976e+000
3.073544e+003,3.098026e+000
3.074026e+003,3.098307e+000
3.074508e+003,3.098763e+000
3.074990e+003,3.099348e+000
3.075473e+003,3.100020e+000
3.075955e+003,3.100730e+000
3.076437e+003,3.101412e+000
3.076919e+003,3.101989e+000
3.077401e+003,3.102365e+000
3.077883e+003,3.102452e+000
3.078365e+003,3.102170e+000
3.078847e+003,3.101476e+000
3.079330e+003,3.100375e+000
3.079812e+003,3.098928e+000
3.080294e+003,3.097232e+000
3.080776e+003,3.095411e+000
3.081258e+003,3.093575e+000
3.081740e+003,3.091804e+000
3.082222e+003,3.090123e+000
3.082704e+003,3.088520e+000
3.083187e+003,3.086945e+000
3.083669e+003,3.085347e+000
3.084151e+003,3.083684e+000
3.084633e+003,3.081940e+000
3.085115e+003,3.080116e+000
3.085597e+003,3.078234e+000
3.086079e+003,3.076315e+000
3.086562e+003,3.074389e+000
3.087043e+003,3.072480e+000
3.087526e+003,3.070630e+000
3.088008e+003,3.068890e+000
3.088490e+003,3.067324e+000
3.088972e+003,3.065997e+000
3.089454e+003,3.064959e+000
3.089936e+003,3.064229e+000
3.090418e+003,3.063790e+000
3.090901e+003,3.063587e+000
3.091383e+003,3.063542e+000
3.091865e+003,3.063566e+000
3.092347e+003,3.063578e+000
3.092829e+003,3.063508e+000
3.093311e+003,3.063308e+000
3.093793e+003,3.062943e+000
3.094275e+003,3.062393e+000
3.094758e+003,3.061650e+000
3.095240e+003,3.060720e+000
3.095722e+003,3.059620e+000
3.096204e+003,3.058395e+000
3.096686e+003,3.057106e+000
3.097168e+003,3.055842e+000
3.097650e+003,3.054709e+000
3.098132e+003,3.053823e+000
3.098615e+003,3.053285e+000
3.099097e+003,3.053167e+000
3.099579e+003,3.053468e+000
3.100061e+003,3.054105e+000
3.100543e+003,3.054886e+000
3.101025e+003,3.055542e+000
3.101507e+003,3.055769e+000
3.101990e+003,3.055287e+000
3.102471e+003,3.053915e+000
3.102954e+003,3.051627e+000
3.103436e+003,3.048557e+000
3.103918e+003,3.044983e+000
3.104400e+003,3.041260e+000
3.104882e+003,3.037748e+000
3.105364e+003,3.034729e+000
3.105846e+003,3.032378e+000
3.106329e+003,3.030745e+000
3.106811e+003,3.029781e+000
3.107293e+003,3.029368e+000
3.107775e+003,3.029366e+000
3.108257e+003,3.029627e+000
3.108739e+003,3.030007e+000
3.109221e+003,3.030351e+000
3.109703e+003,3.030503e+000
3.110186e+003,3.030301e+000
3.110668e+003,3.029618e+000
3.111150e+003,3.028378e+000
3.111632e+003,3.026606e+000
3.112114e+003,3.024416e+000
3.112596e+003,3.022019e+000
3.113078e+003,3.019664e+000
3.113560e+003,3.017597e+000
3.114042e+003,3.015999e+000
3.114525e+003,3.014961e+000
3.115007e+003,3.014459e+000
3.115489e+003,3.014384e+000
3.115971e+003,3.014557e+000
3.116453e+003,3.014776e+000
3.116935e+003,3.014843e+000
3.117417e+003,3.014597e+000
3.117900e+003,3.013919e+000
3.118382e+003,3.012758e+000
3.118864e+003,3.011126e+000
3.119346e+003,3.009115e+000
3.119828e+003,3.006888e+000
3.120310e+003,3.004668e+000
3.120792e+003,3.002710e+000
3.121274e+003,3.001245e+000
3.121757e+003,3.000432e+000
3.122239e+003,3.000316e+000
3.122721e+003,3.000794e+000
3.123203e+003,3.001641e+000
3.123685e+003,3.002547e+000
3.124167e+003,3.003200e+000
3.124649e+003,3.003355e+000
3.125131e+003,3.002903e+000
3.125614e+003,3.001885e+000
3.126096e+003,3.000479e+000
3.126578e+003,2.998939e+000
3.127060e+003,2.997537e+000
3.127542e+003,2.996482e+000
3.128024e+003,2.995895e+000
3.128506e+003,2.995788e+000
3.128988e+003,2.996091e+000
3.129470e+003,2.996679e+000
3.129953e+003,2.997415e+000
3.130435e+003,2.998158e+000
3.130917e+003,2.998776e+000
3.131399e+003,2.999136e+000
3.131881e+003,2.999107e+000
3.132363e+003,2.998569e+000
3.132845e+003,2.997440e+000
3.133328e+003,2.995708e+000
3.133810e+003,2.993455e+000
3.134292e+003,2.990858e+000
3.134774e+003,2.988174e+000
3.135256e+003,2.985680e+000
3.135738e+003,2.983632e+000
3.136220e+003,2.982200e+000
3.136702e+003,2.981454e+000
3.137185e+003,2.981349e+000
3.137667e+003,2.981761e+000
3.138149e+003,2.982506e+000
3.138631e+003,2.983396e+000
3.139113e+003,2.984251e+000
3.139595e+003,2.984924e+000
3.140077e+003,2.985290e+000
3.140559e+003,2.985247e+000
3.141042e+003,2.984704e+000
3.141524e+003,2.983594e+000
3.142006e+003,2.981879e+000
3.142488e+003,2.979571e+000
3.142970e+003,2.976752e+000
3.143452e+003,2.973578e+000
3.143934e+003,2.970263e+000
3.144417e+003,2.967061e+000
3.144898e+003,2.964218e+000
3.145381e+003,2.961930e+000
3.145863e+003,2.960310e+000
3.146345e+003,2.959370e+000
3.146827e+003,2.959024e+000
3.147309e+003,2.959117e+000
3.147791e+003,2.959466e+000
3.148273e+003,2.959901e+000
3.148756e+003,2.960293e+000
3.149238e+003,2.960568e+000
3.149720e+003,2.960702e+000
3.150202e+003,2.960705e+000
3.150684e+003,2.960601e+000
3.151166e+003,2.960424e+000
3.151648e+003,2.960212e+000
3.152130e+003,2.960011e+000
3.152613e+003,2.959875e+000
3.153095e+003,2.959854e+000
3.153577e+003,2.959965e+000
3.154059e+003,2.960169e+000
3.154541e+003,2.960344e+000
3.155023e+003,2.960310e+000
3.155505e+003,2.959854e+000
3.155987e+003,2.958815e+000
3.156469e+003,2.957139e+000
3.156952e+003,2.954947e+000
3.157434e+003,2.952514e+000
3.157916e+003,2.950233e+000
3.158398e+003,2.948497e+000
3.158880e+003,2.947590e+000
3.159362e+003,2.947590e+000
3.159844e+003,2.948326e+000
3.160326e+003,2.949408e+000
3.160809e+003,2.950324e+000
3.161291e+003,2.950576e+000
3.161773e+003,2.949816e+000
3.162255e+003,2.947938e+000
3.162737e+003,2.945111e+000
3.163219e+003,2.941747e+000
3.163701e+003,2.938390e+000
3.164184e+003,2.935596e+000
3.164666e+003,2.933809e+000
3.165148e+003,2.933260e+000
3.165630e+003,2.933936e+000
3.166112e+003,2.935579e+000
3.166594e+003,2.937767e+000
3.167076e+003,2.939983e+000
3.167558e+003,2.941738e+000
3.168041e+003,2.942648e+000
3.168523e+003,2.942500e+000
3.169005e+003,2.941277e+000
3.169487e+003,2.939145e+000
3.169969e+003,2.936398e+000
3.170451e+003,2.933402e+000
3.170933e+003,2.930508e+000
3.171415e+003,2.928004e+000
3.171897e+003,2.926051e+000
3.172380e+003,2.924694e+000
3.172862e+003,2.923854e+000
3.173344e+003,2.923379e+000
3.173826e+003,2.923086e+000
3.174308e+003,2.922812e+000
3.174790e+003,2.922439e+000
3.175272e+003,2.921917e+000
3.175754e+003,2.921241e+000
3.176237e+003,2.920436e+000
3.176719e+003,2.919522e+000
3.177201e+003,2.918496e+000
3.177683e+003,2.917330e+000
3.178165e+003,2.915991e+000
3.178647e+003,2.914465e+000
3.179129e+003,2.912792e+000
3.179612e+003,2.911063e+000
3.180094e+003,2.909411e+000
3.180576e+003,2.907959e+000
3.181058e+003,2.906783e+000
3.181540e+003,2.905867e+000
3.182022e+003,2.905098e+000
3.182504e+003,2.904297e+000
3.182986e+003,2.903280e+000
3.183469e+003,2.901927e+000
3.183951e+003,2.900242e+000
3.184433e+003,2.898370e+000
3.184915e+003,2.896582e+000
3.185397e+003,2.895191e+000
3.185879e+003,2.894484e+000
3.186361e+003,2.894617e+000
3.186843e+003,2.895586e+000
3.187325e+003,2.897209e+000
3.187808e+003,2.899175e+000
3.188290e+003,2.901104e+000
3.188772e+003,2.902635e+000
3.189254e+003,2.903486e+000
3.189736e+003,2.903509e+000
3.190218e+003,2.902691e+000
3.190700e+003,2.901141e+000
3.191182e+003,2.899045e+000
3.191665e+003,2.896631e+000
3.192147e+003,2.894105e+000
3.192629e+003,2.891639e+000
3.193111e+003,2.889351e+000
3.193593e+003,2.887313e+000
3.194075e+003,2.885564e+000
3.194557e+003,2.884130e+000
3.195040e+003,2.883025e+000
3.195521e+003,2.882261e+000
3.196004e+003,2.881823e+000
3.196486e+003,2.881663e+000
3.196968e+003,2.881688e+000
3.197450e+003,2.881766e+000
3.197932e+003,2.881744e+000
3.198414e+003,2.881489e+000
3.198896e+003,2.880906e+000
3.199379e+003,2.879978e+000
3.199861e+003,2.878749e+000
3.200343e+003,2.877325e+000
3.200825e+003,2.875829e+000
3.201307e+003,2.874386e+000
3.201789e+003,2.873082e+000
3.202271e+003,2.871969e+000
3.202753e+003,2.871053e+000
3.203236e+003,2.870321e+000
3.203718e+003,2.869743e+000
3.204200e+003,2.869305e+000
3.204682e+003,2.869008e+000
3.205164e+003,2.868882e+000
3.205646e+003,2.868981e+000
3.206128e+003,2.869369e+000
3.206610e+003,2.870088e+000
3.207093e+003,2.871139e+000
3.207575e+003,2.872436e+000
3.208057e+003,2.873804e+000
3.208539e+003,2.874974e+000
3.209021e+003,2.875636e+000
3.209503e+003,2.875500e+000
3.209985e+003,2.874376e+000
3.210468e+003,2.872248e+000
3.210949e+003,2.869294e+000
3.211432e+003,2.865866e+000
3.211914e+003,2.862428e+000
3.212396e+003,2.859440e+000
3.212878e+003,2.857265e+000
3.213360e+003,2.856075e+000
3.213842e+003,2.855825e+000
3.214324e+003,2.856260e+000
3.214807e+003,2.856987e+000
3.215289e+003,2.857569e+000
3.215771e+003,2.857628e+000
3.216253e+003,2.856921e+000
3.216735e+003,2.855402e+000
3.217217e+003,2.853210e+000
3.217699e+003,2.850651e+000
3.218181e+003,2.848111e+000
3.218664e+003,2.845985e+000
3.219146e+003,2.844560e+000
3.219628e+003,2.843965e+000
3.220110e+003,2.844123e+000
3.220592e+003,2.844782e+000
3.221074e+003,2.845583e+000
3.221556e+003,2.846164e+000
3.222038e+003,2.846251e+000
3.222521e+003,2.845734e+000
3.223003e+003,2.844680e+000
3.223485e+003,2.843299e+000
3.223967e+003,2.841873e+000
3.224449e+003,2.840665e+000
3.224931e+003,2.839851e+000
3.225413e+003,2.839486e+000
3.225896e+003,2.839491e+000
3.226377e+003,2.839703e+000
3.226860e+003,2.839907e+000
3.227342e+003,2.839898e+000
3.227824e+003,2.839512e+000
3.228306e+003,2.838659e+000
3.228788e+003,2.837340e+000
3.229270e+003,2.835644e+000
3.229752e+003,2.833740e+000
3.230235e+003,2.831851e+000
3.230717e+003,2.830198e+000
3.231199e+003,2.828969e+000
3.231681e+003,2.828239e+000
3.232163e+003,2.827971e+000
3.232645e+003,2.827995e+000
3.233127e+003,2.828066e+000
3.233609e+003,2.827917e+000
3.234092e+003,2.827337e+000
3.234574e+003,2.826211e+000
3.235056e+003,2.824551e+000
3.235538e+003,2.822464e+000
3.236020e+003,2.820121e+000
3.236502e+003,2.817696e+000
3.236984e+003,2.815341e+000
3.237466e+003,2.813156e+000
3.237948e+003,2.811199e+000
3.238431e+003,2.809503e+000
3.238913e+003,2.808092e+000
3.239395e+003,2.806988e+000
3.239877e+003,2.806218e+000
3.240359e+003,2.805809e+000
3.240841e+003,2.805793e+000
3.241323e+003,2.806187e+000
3.241806e+003,2.807001e+000
3.242288e+003,2.808209e+000
3.242770e+003,2.809736e+000
3.243252e+003,2.811429e+000
3.243734e+003,2.813058e+000
3.244216e+003,2.814331e+000
3.244698e+003,2.814943e+000
3.245180e+003,2.814651e+000
3.245663e+003,2.813345e+000
3.246145e+003,2.811075e+000
3.246627e+003,2.808062e+000
3.247109e+003,2.804629e+000
3.247591e+003,2.801132e+000
3.248073e+003,2.797856e+000
3.248555e+003,2.794968e+000
3.249037e+003,2.792490e+000
3.249520e+003,2.790335e+000
3.250002e+003,2.788360e+000
3.250484e+003,2.786435e+000
3.250966e+003,2.784488e+000
3.251448e+003,2.782537e+000
3.251930e+003,2.780665e+000
3.252412e+003,2.779010e+000
3.252894e+003,2.777713e+000
3.253376e+003,2.776897e+000
3.253859e+003,2.776644e+000
3.254341e+003,2.776983e+000
3.254823e+003,2.777877e+000
3.255305e+003,2.779227e+000
3.255787e+003,2.780852e+000
3.256269e+003,2.782516e+000
3.256751e+003,2.783928e+000
3.257234e+003,2.784802e+000
3.257716e+003,2.784891e+000
3.258198e+003,2.784064e+000
3.258680e+003,2.782335e+000
3.259162e+003,2.779902e+000
3.259644e+003,2.777117e+000
3.260126e+003,2.774452e+000
3.260608e+003,2.772396e+000
3.261091e+003,2.771371e+000
3.261573e+003,2.771623e+000
3.262055e+003,2.773171e+000
3.262537e+003,2.775778e+000
3.263019e+003,2.779009e+000
3.263501e+003,2.782303e+000
3.263983e+003,2.785120e+000
3.264465e+003,2.787039e+000
3.264948e+003,2.787858e+000
3.265430e+003,2.787600e+000
3.265912e+003,2.786480e+000
3.266394e+003,2.784800e+000
3.266876e+003,2.782847e+000
3.267358e+003,2.780801e+000
3.267840e+003,2.778711e+000
3.268323e+003,2.776507e+000
3.268804e+003,2.774096e+000
3.269287e+003,2.771424e+000
3.269769e+003,2.768552e+000
3.270251e+003,2.765657e+000
3.270733e+003,2.763007e+000
3.271215e+003,2.760870e+000
3.271697e+003,2.759450e+000
3.272179e+003,2.758813e+000
3.272662e+003,2.758887e+000
3.273144e+003,2.759479e+000
3.273626e+003,2.760348e+000
3.274108e+003,2.761251e+000
3.274590e+003,2.762014e+000
3.275072e+003,2.762533e+000
3.275554e+003,2.762776e+000
3.276036e+003,2.762756e+000
3.276519e+003,2.762497e+000
3.277001e+003,2.762021e+000
3.277483e+003,2.761343e+000
3.277965e+003,2.760477e+000
3.278447e+003,2.759458e+000
3.278929e+003,2.758348e+000
3.279411e+003,2.757240e+000
3.279893e+003,2.756232e+000
3.280375e+003,2.755409e+000
3.280858e+003,2.754795e+000
3.281340e+003,2.754324e+000
3.281822e+003,2.753828e+000
3.282304e+003,2.753055e+000
3.282786e+003,2.751720e+000
3.283268e+003,2.749577e+000
3.283750e+003,2.746496e+000
3.284232e+003,2.742528e+000
3.284715e+003,2.737924e+000
3.285197e+003,2.733096e+000
3.285679e+003,2.728543e+000
3.286161e+003,2.724748e+000
3.286643e+003,2.722068e+000
3.287125e+003,2.720671e+000
3.287607e+003,2.720509e+000
3.288090e+003,2.721360e+000
3.288572e+003,2.722890e+000
3.289054e+003,2.724742e+000
3.289536e+003,2.726601e+000
3.290018e+003,2.728240e+000
3.290500e+003,2.729515e+000
3.290982e+003,2.730354e+000
3.291464e+003,2.730724e+000
3.291947e+003,2.730607e+000
3.292429e+003,2.729988e+000
3.292911e+003,2.728874e+000
3.293393e+003,2.727285e+000
3.293875e+003,2.725289e+000
3.294357e+003,2.722988e+000
3.294839e+003,2.720521e+000
3.295321e+003,2.718034e+000
3.295803e+003,2.715667e+000
3.296286e+003,2.713516e+000
3.296768e+003,2.711629e+000
3.297250e+003,2.709994e+000
3.297732e+003,2.708558e+000
3.298214e+003,2.707247e+000
3.298696e+003,2.706011e+000
3.299178e+003,2.704836e+000
3.299660e+003,2.703783e+000
3.300143e+003,2.702964e+000
3.300625e+003,2.702522e+000
3.301107e+003,2.702574e+000
3.301589e+003,2.703175e+000
3.302071e+003,2.704270e+000
3.302553e+003,2.705704e+000
3.303035e+003,2.707236e+000
3.303518e+003,2.708604e+000
3.304000e+003,2.709573e+000
3.304482e+003,2.709992e+000
3.304964e+003,2.709812e+000
3.305446e+003,2.709087e+000
3.305928e+003,2.707940e+000
3.306410e+003,2.706532e+000
3.306892e+003,2.705029e+000
3.307375e+003,2.703585e+000
3.307857e+003,2.702323e+000
3.308339e+003,2.701339e+000
3.308821e+003,2.700687e+000
3.309303e+003,2.700380e+000
3.309785e+003,2.700363e+000
3.310267e+003,2.700528e+000
3.310749e+003,2.700712e+000
3.311231e+003,2.700737e+000
3.311714e+003,2.700437e+000
3.312196e+003,2.699705e+000
3.312678e+003,2.698517e+000
3.313160e+003,2.696941e+000
3.313642e+003,2.695120e+000
3.314124e+003,2.693235e+000
3.314606e+003,2.691470e+000
3.315088e+003,2.689974e+000
3.315571e+003,2.688838e+000
3.316053e+003,2.688086e+000
3.316535e+003,2.687668e+000
3.317017e+003,2.687485e+000
3.317499e+003,2.687393e+000
3.317981e+003,2.687234e+000
3.318463e+003,2.686855e+000
3.318946e+003,2.686138e+000
3.319427e+003,2.685019e+000
3.319910e+003,2.683511e+000
3.320392e+003,2.681696e+000
3.320874e+003,2.679731e+000
3.321356e+003,2.677800e+000
3.321838e+003,2.676097e+000
3.322320e+003,2.674778e+000
3.322802e+003,2.673930e+000
3.323285e+003,2.673540e+000
3.323767e+003,2.673502e+000
3.324249e+003,2.673619e+000
3.324731e+003,2.673649e+000
3.325213e+003,2.673349e+000
3.325695e+003,2.672541e+000
3.326177e+003,2.671153e+000
3.326659e+003,2.669253e+000
3.327142e+003,2.667045e+000
3.327624e+003,2.664829e+000
3.328106e+003,2.662927e+000
3.328588e+003,2.661613e+000
3.329070e+003,2.661036e+000
3.329552e+003,2.661191e+000
3.330034e+003,2.661911e+000
3.330516e+003,2.662920e+000
3.330999e+003,2.663892e+000
3.331481e+003,2.664530e+000
3.331963e+003,2.664619e+000
3.332445e+003,2.664071e+000
3.332927e+003,2.662913e+000
3.333409e+003,2.661285e+000
3.333891e+003,2.659391e+000
3.334374e+003,2.657468e+000
3.334855e+003,2.655742e+000
3.335338e+003,2.654396e+000
3.335820e+003,2.653537e+000
3.336302e+003,2.653185e+000
3.336784e+003,2.653254e+000
3.337266e+003,2.653577e+000
3.337748e+003,2.653927e+000
3.338230e+003,2.654073e+000
3.338713e+003,2.653807e+000
3.339195e+003,2.652993e+000
3.339677e+003,2.651570e+000
3.340159e+003,2.649563e+000
3.340641e+003,2.647040e+000
3.341123e+003,2.644103e+000
3.341605e+003,2.640853e+000
3.342087e+003,2.637390e+000
3.342570e+003,2.633809e+000
3.343052e+003,2.630218e+000
3.343534e+003,2.626739e+000
3.344016e+003,2.623515e+000
3.344498e+003,2.620691e+000
3.344980e+003,2.618400e+000
3.345462e+003,2.616734e+000
3.345944e+003,2.615737e+000
3.346427e+003,2.615398e+000
3.346909e+003,2.615657e+000
3.347391e+003,2.616418e+000
3.347873e+003,2.617561e+000
3.348355e+003,2.618950e+000
3.348837e+003,2.620437e+000
3.349319e+003,2.621862e+000
3.349802e+003,2.623062e+000
3.350283e+003,2.623875e+000
3.350766e+003,2.624169e+000
3.351248e+003,2.623858e+000
3.351730e+003,2.622933e+000
3.352212e+003,2.621473e+000
3.352694e+003,2.619656e+000
3.353176e+003,2.617736e+000
3.353658e+003,2.616013e+000
3.354141e+003,2.614769e+000
3.354623e+003,2.614219e+000
3.355105e+003,2.614442e+000
3.355587e+003,2.615367e+000
3.356069e+003,2.616766e+000
3.356551e+003,2.618327e+000
3.357033e+003,2.619703e+000
3.357515e+003,2.620623e+000
3.357998e+003,2.620935e+000
3.358480e+003,2.620645e+000
3.358962e+003,2.619869e+000
3.359444e+003,2.618785e+000
3.359926e+003,2.617538e+000
3.360408e+003,2.616187e+000
3.360890e+003,2.614682e+000
3.361372e+003,2.612903e+000
3.361854e+003,2.610726e+000
3.362337e+003,2.608114e+000
3.362819e+003,2.605159e+000
3.363301e+003,2.602099e+000
3.363783e+003,2.599252e+000
3.364265e+003,2.596937e+000
3.364747e+003,2.595361e+000
3.365229e+003,2.594564e+000
3.365712e+003,2.594390e+000
3.366194e+003,2.594555e+000
3.366676e+003,2.594725e+000
3.367158e+003,2.594633e+000
3.367640e+003,2.594147e+000
3.368122e+003,2.593305e+000
3.368604e+003,2.592276e+000
3.369086e+003,2.591292e+000
3.369569e+003,2.590547e+000
3.370051e+003,2.590137e+000
3.370533e+003,2.590019e+000
3.371015e+003,2.590035e+000
3.371497e+003,2.589961e+000
3.371979e+003,2.589591e+000
3.372461e+003,2.588798e+000
3.372943e+003,2.587576e+000
3.373426e+003,2.586023e+000
3.373908e+003,2.584316e+000
3.374390e+003,2.582631e+000
3.374872e+003,2.581096e+000
3.375354e+003,2.579748e+000
3.375836e+003,2.578535e+000
3.376318e+003,2.577348e+000
3.376800e+003,2.576070e+000
3.377282e+003,2.574624e+000
3.377765e+003,2.573006e+000
3.378247e+003,2.571268e+000
3.378729e+003,2.569496e+000
3.379211e+003,2.567756e+000
3.379693e+003,2.566061e+000
3.380175e+003,2.564346e+000
3.380657e+003,2.562487e+000
3.381140e+003,2.560333e+000
3.381622e+003,2.557770e+000
3.382104e+003,2.554756e+000
3.382586e+003,2.551361e+000
3.383068e+003,2.547757e+000
3.383550e+003,2.544208e+000
3.384032e+003,2.541005e+000
3.384514e+003,2.538418e+000
3.384997e+003,2.536629e+000
3.385479e+003,2.535704e+000
3.385961e+003,2.535555e+000
3.386443e+003,2.535969e+000
3.386925e+003,2.536640e+000
3.387407e+003,2.537237e+000
3.387889e+003,2.537478e+000
3.388371e+003,2.537205e+000
3.388854e+003,2.536413e+000
3.389336e+003,2.535268e+000
3.389818e+003,2.534031e+000
3.390300e+003,2.533001e+000
3.390782e+003,2.532392e+000
3.391264e+003,2.532258e+000
3.391746e+003,2.532449e+000
3.392229e+003,2.532654e+000
3.392710e+003,2.532477e+000
3.393193e+003,2.531580e+000
3.393675e+003,2.529787e+000
3.394157e+003,2.527169e+000
3.394639e+003,2.524032e+000
3.395121e+003,2.520849e+000
3.395603e+003,2.518125e+000
3.396085e+003,2.516275e+000
3.396568e+003,2.515497e+000
3.397050e+003,2.515740e+000
3.397532e+003,2.516709e+000
3.398014e+003,2.517971e+000
3.398496e+003,2.519062e+000
3.398978e+003,2.519622e+000
3.399460e+003,2.519455e+000
3.399942e+003,2.518567e+000
3.400425e+003,2.517107e+000
3.400907e+003,2.515308e+000
3.401389e+003,2.513379e+000
3.401871e+003,2.511455e+000
3.402353e+003,2.509553e+000
3.402835e+003,2.507611e+000
3.403317e+003,2.505520e+000
3.403799e+003,2.503214e+000
3.404281e+003,2.500698e+000
3.404764e+003,2.498081e+000
3.405246e+003,2.495533e+000
3.405728e+003,2.493238e+000
3.406210e+003,2.491323e+000
3.406692e+003,2.489818e+000
3.407174e+003,2.488640e+000
3.407656e+003,2.487627e+000
3.408138e+003,2.486589e+000
3.408621e+003,2.485380e+000
3.409103e+003,2.483917e+000
3.409585e+003,2.482212e+000
3.410067e+003,2.480336e+000
3.410549e+003,2.478384e+000
3.411031e+003,2.476426e+000
3.411513e+003,2.474496e+000
3.411996e+003,2.472582e+000
3.412478e+003,2.470668e+000
3.412960e+003,2.468751e+000
3.413442e+003,2.466875e+000
3.413924e+003,2.465130e+000
3.414406e+003,2.463640e+000
3.414888e+003,2.462526e+000
3.415370e+003,2.461882e+000
3.415853e+003,2.461737e+000
3.416335e+003,2.462069e+000
3.416817e+003,2.462792e+000
3.417299e+003,2.463803e+000
3.417781e+003,2.464970e+000
3.418263e+003,2.466183e+000
3.418745e+003,2.467323e+000
3.419227e+003,2.468288e+000
3.419709e+003,2.468971e+000
3.420192e+003,2.469270e+000
3.420674e+003,2.469083e+000
3.421156e+003,2.468330e+000
3.421638e+003,2.466955e+000
3.422120e+003,2.464960e+000
3.422602e+003,2.462395e+000
3.423084e+003,2.459383e+000
3.423566e+003,2.456091e+000
3.424049e+003,2.452722e+000
3.424531e+003,2.449471e+000
3.425013e+003,2.446503e+000
3.425495e+003,2.443909e+000
3.425977e+003,2.441700e+000
3.426459e+003,2.439797e+000
3.426941e+003,2.438077e+000
3.427424e+003,2.436391e+000
3.427906e+003,2.434623e+000
3.428388e+003,2.432720e+000
3.428870e+003,2.430725e+000
3.429352e+003,2.428758e+000
3.429834e+003,2.427012e+000
3.430316e+003,2.425707e+000
3.430798e+003,2.425050e+000
3.431281e+003,2.425181e+000
3.431763e+003,2.426142e+000
3.432245e+003,2.427829e+000
3.432727e+003,2.430007e+000
3.433209e+003,2.432301e+000
3.433691e+003,2.434275e+000
3.434173e+003,2.435480e+000
3.434655e+003,2.435565e+000
3.435137e+003,2.434338e+000
3.435620e+003,2.431827e+000
3.436102e+003,2.428254e+000
3.436584e+003,2.424001e+000
3.437066e+003,2.419499e+000
3.437548e+003,2.415141e+000
3.438030e+003,2.411187e+000
3.438512e+003,2.407747e+000
3.438994e+003,2.404788e+000
3.439477e+003,2.402204e+000
3.439959e+003,2.399869e+000
3.440441e+003,2.397702e+000
3.440923e+003,2.395670e+000
3.441405e+003,2.393792e+000
3.441887e+003,2.392102e+000
3.442369e+003,2.390648e+000
3.442852e+003,2.389480e+000
3.443333e+003,2.388689e+000
3.443816e+003,2.388423e+000
3.444298e+003,2.388895e+000
3.444780e+003,2.390329e+000
3.445262e+003,2.392888e+000
3.445744e+003,2.396553e+000
3.446226e+003,2.401052e+000
3.446708e+003,2.405826e+000
3.447191e+003,2.410127e+000
3.447673e+003,2.413175e+000
3.448155e+003,2.414363e+000
3.448637e+003,2.413411e+000
3.449119e+003,2.410442e+000
3.449601e+003,2.405920e+000
3.450083e+003,2.400536e+000
3.450565e+003,2.395035e+000
3.451048e+003,2.390066e+000
3.451530e+003,2.386069e+000
3.452012e+003,2.383237e+000
3.452494e+003,2.381532e+000
3.452976e+003,2.380759e+000
3.453458e+003,2.380641e+000
3.453940e+003,2.380895e+000
3.454422e+003,2.381255e+000
3.454905e+003,2.381490e+000
3.455387e+003,2.381366e+000
3.455869e+003,2.380651e+000
3.456351e+003,2.379115e+000
3.456833e+003,2.376580e+000
3.457315e+003,2.372968e+000
3.457797e+003,2.368371e+000
3.458280e+003,2.363067e+000
3.458761e+003,2.357523e+000
3.459244e+003,2.352312e+000
3.459726e+003,2.348020e+000
3.460208e+003,2.345110e+000
3.460690e+003,2.343819e+000
3.461172e+003,2.344086e+000
3.461654e+003,2.345559e+000
3.462136e+003,2.347663e+000
3.462619e+003,2.349737e+000
3.463101e+003,2.351169e+000
3.463583e+003,2.351539e+000
3.464065e+003,2.350675e+000
3.464547e+003,2.348679e+000
3.465029e+003,2.345847e+000
3.465511e+003,2.342600e+000
3.465993e+003,2.339350e+000
3.466476e+003,2.336427e+000
3.466958e+003,2.334004e+000
3.467440e+003,2.332092e+000
3.467922e+003,2.330558e+000
3.468404e+003,2.329193e+000
3.468886e+003,2.327762e+000
3.469368e+003,2.326081e+000
3.469850e+003,2.324053e+000
3.470333e+003,2.321698e+000
3.470815e+003,2.319153e+000
3.471297e+003,2.316660e+000
3.471779e+003,2.314514e+000
3.472261e+003,2.313025e+000
3.472743e+003,2.312434e+000
3.473225e+003,2.312857e+000
3.473708e+003,2.314219e+000
3.474189e+003,2.316241e+000
3.474672e+003,2.318448e+000
3.475154e+003,2.320261e+000
3.475636e+003,2.321092e+000
3.476118e+003,2.320488e+000
3.476600e+003,2.318230e+000
3.477082e+003,2.314406e+000
3.477564e+003,2.309393e+000
3.478047e+003,2.303812e+000
3.478529e+003,2.298390e+000
3.479011e+003,2.293840e+000
3.479493e+003,2.290707e+000
3.479975e+003,2.289276e+000
3.480457e+003,2.289501e+000
3.480939e+003,2.291034e+000
3.481421e+003,2.293293e+000
3.481904e+003,2.295604e+000
3.482386e+003,2.297331e+000
3.482868e+003,2.298023e+000
3.483350e+003,2.297461e+000
3.483832e+003,2.295693e+000
3.484314e+003,2.292972e+000
3.484796e+003,2.289684e+000
3.485278e+003,2.286257e+000
3.485760e+003,2.283072e+000
3.486243e+003,2.280395e+000
3.486725e+003,2.278344e+000
3.487207e+003,2.276871e+000
3.487689e+003,2.275812e+000
3.488171e+003,2.274922e+000
3.488653e+003,2.273962e+000
3.489135e+003,2.272738e+000
3.489618e+003,2.271147e+000
3.490100e+003,2.269168e+000
3.490582e+003,2.266844e+000
3.491064e+003,2.264251e+000
3.491546e+003,2.261476e+000
3.492028e+003,2.258607e+000
3.492510e+003,2.255751e+000
3.492992e+003,2.253039e+000
3.493475e+003,2.250651e+000
3.493957e+003,2.248793e+000
3.494439e+003,2.247675e+000
3.494921e+003,2.247433e+000
3.495403e+003,2.248078e+000
3.495885e+003,2.249429e+000
3.496367e+003,2.251114e+000
3.496849e+003,2.252601e+000
3.497332e+003,2.253300e+000
3.497814e+003,2.252674e+000
3.498296e+003,2.250368e+000
3.498778e+003,2.246294e+000
3.499260e+003,2.240690e+000
3.499742e+003,2.234092e+000
3.500224e+003,2.227277e+000
3.500706e+003,2.221132e+000
3.501188e+003,2.216495e+000
3.501671e+003,2.213965e+000
3.502153e+003,2.213755e+000
3.502635e+003,2.215598e+000
3.503117e+003,2.218808e+000
3.503599e+003,2.222435e+000
3.504081e+003,2.225531e+000
3.504563e+003,2.227376e+000
3.505046e+003,2.227658e+000
3.505528e+003,2.226482e+000
3.506010e+003,2.224303e+000
3.506492e+003,2.221742e+000
3.506974e+003,2.219414e+000
3.507456e+003,2.217757e+000
3.507938e+003,2.216946e+000
3.508420e+003,2.216850e+000
3.508903e+003,2.217121e+000
3.509385e+003,2.217307e+000
3.509867e+003,2.217019e+000
3.510349e+003,2.216046e+000
3.510831e+003,2.214404e+000
3.511313e+003,2.212297e+000
3.511795e+003,2.210033e+000
3.512277e+003,2.207895e+000
3.512760e+003,2.206071e+000
3.513242e+003,2.204595e+000
3.513724e+003,2.203362e+000
3.514206e+003,2.202173e+000
3.514688e+003,2.200813e+000
3.515170e+003,2.199100e+000
3.515652e+003,2.196946e+000
3.516135e+003,2.194350e+000
3.516616e+003,2.191379e+000
3.517099e+003,2.188113e+000
3.517581e+003,2.184625e+000
3.518063e+003,2.180935e+000
3.518545e+003,2.177049e+000
3.519027e+003,2.172980e+000
3.519509e+003,2.168808e+000
3.519991e+003,2.164706e+000
3.520474e+003,2.160952e+000
3.520956e+003,2.157866e+000
3.521438e+003,2.155747e+000
3.521920e+003,2.154762e+000
3.522402e+003,2.154882e+000
3.522884e+003,2.155853e+000
3.523366e+003,2.157261e+000
3.523848e+003,2.158626e+000
3.524331e+003,2.159552e+000
3.524813e+003,2.159800e+000
3.525295e+003,2.159345e+000
3.525777e+003,2.158324e+000
3.526259e+003,2.156977e+000
3.526741e+003,2.155547e+000
3.527223e+003,2.154240e+000
3.527705e+003,2.153177e+000
3.528188e+003,2.152420e+000
3.528670e+003,2.151966e+000
3.529152e+003,2.151775e+000
3.529634e+003,2.151746e+000
3.530116e+003,2.151708e+000
3.530598e+003,2.151402e+000
3.531080e+003,2.150524e+000
3.531563e+003,2.148782e+000
3.532044e+003,2.145998e+000
3.532527e+003,2.142184e+000
3.533009e+003,2.137609e+000
3.533491e+003,2.132763e+000
3.533973e+003,2.128294e+000
3.534455e+003,2.124852e+000
3.534937e+003,2.122939e+000
3.535419e+003,2.122772e+000
3.535902e+003,2.124218e+000
3.536384e+003,2.126805e+000
3.536866e+003,2.129860e+000
3.537348e+003,2.132645e+000
3.537830e+003,2.134521e+000
3.538312e+003,2.135053e+000
3.538794e+003,2.134043e+000
3.539276e+003,2.131513e+000
3.539759e+003,2.127671e+000
3.540241e+003,2.122839e+000
3.540723e+003,2.117428e+000
3.541205e+003,2.111874e+000
3.541687e+003,2.106626e+000
3.542169e+003,2.102100e+000
3.542651e+003,2.098664e+000
3.543133e+003,2.096597e+000
3.543615e+003,2.096065e+000
3.544098e+003,2.097064e+000
3.544580e+003,2.099407e+000
3.545062e+003,2.102688e+000
3.545544e+003,2.106328e+000
3.546026e+003,2.109633e+000
3.546508e+003,2.111947e+000
3.546990e+003,2.112777e+000
3.547472e+003,2.111930e+000
3.547955e+003,2.109536e+000
3.548437e+003,2.106045e+000
3.548919e+003,2.102093e+000
3.549401e+003,2.098400e+000
3.549883e+003,2.095592e+000
3.550365e+003,2.094087e+000
3.550847e+003,2.093974e+000
3.551330e+003,2.094988e+000
3.551812e+003,2.096536e+000
3.552294e+003,2.097838e+000
3.552776e+003,2.098103e+000
3.553258e+003,2.096721e+000
3.553740e+003,2.093375e+000
3.554222e+003,2.088088e+000
3.554704e+003,2.081155e+000
3.555187e+003,2.073087e+000
3.555669e+003,2.064499e+000
3.556151e+003,2.056052e+000
3.556633e+003,2.048373e+000
3.557115e+003,2.042006e+000
3.557597e+003,2.037338e+000
3.558079e+003,2.034563e+000
3.558561e+003,2.033627e+000
3.559043e+003,2.034232e+000
3.559526e+003,2.035846e+000
3.560008e+003,2.037785e+000
3.560490e+003,2.039297e+000
3.560972e+003,2.039690e+000
3.561454e+003,2.038434e+000
3.561936e+003,2.035264e+000
3.562418e+003,2.030230e+000
3.562900e+003,2.023734e+000
3.563383e+003,2.016500e+000
3.563865e+003,2.009542e+000
3.564347e+003,2.004039e+000
3.564829e+003,2.001185e+000
3.565311e+003,2.001913e+000
3.565793e+003,2.006586e+000
3.566275e+003,2.014701e+000
3.566758e+003,2.024879e+000
3.567240e+003,2.035161e+000
3.567722e+003,2.043664e+000
3.568204e+003,2.049128e+000
3.568686e+003,2.051186e+000
3.569168e+003,2.050218e+000
3.569650e+003,2.047016e+000
3.570132e+003,2.042443e+000
3.570615e+003,2.037245e+000
3.571097e+003,2.031936e+000
3.571579e+003,2.026839e+000
3.572061e+003,2.022110e+000
3.572543e+003,2.017830e+000
3.573025e+003,2.014026e+000
3.573507e+003,2.010712e+000
3.573989e+003,2.007867e+000
3.574471e+003,2.005432e+000
3.574954e+003,2.003291e+000
3.575436e+003,2.001295e+000
3.575918e+003,1.999288e+000
3.576400e+003,1.997178e+000
3.576882e+003,1.994950e+000
3.577364e+003,1.992712e+000
3.577846e+003,1.990658e+000
3.578328e+003,1.989032e+000
3.578811e+003,1.988048e+000
3.579293e+003,1.987819e+000
3.579775e+003,1.988287e+000
3.580257e+003,1.989206e+000
3.580739e+003,1.990132e+000
3.581221e+003,1.990505e+000
3.581703e+003,1.989735e+000
3.582186e+003,1.987346e+000
3.582667e+003,1.983079e+000
3.583150e+003,1.977011e+000
3.583632e+003,1.969580e+000
3.584114e+003,1.961597e+000
3.584596e+003,1.954158e+000
3.585078e+003,1.948515e+000
3.585560e+003,1.945814e+000
3.586042e+003,1.946799e+000
3.586525e+003,1.951444e+000
3.587007e+003,1.958795e+000
3.587489e+003,1.967101e+000
3.587971e+003,1.974362e+000
3.588453e+003,1.978973e+000
3.588935e+003,1.980187e+000
3.589417e+003,1.978126e+000
3.589899e+003,1.973541e+000
3.590382e+003,1.967448e+000
3.590864e+003,1.960865e+000
3.591346e+003,1.954634e+000
3.591828e+003,1.949342e+000
3.592310e+003,1.945279e+000
3.592792e+003,1.942449e+000
3.593274e+003,1.940586e+000
3.593756e+003,1.939260e+000
3.594239e+003,1.937970e+000
3.594721e+003,1.936310e+000
3.595203e+003,1.934063e+000
3.595685e+003,1.931273e+000
3.596167e+003,1.928192e+000
3.596649e+003,1.925224e+000
3.597131e+003,1.922807e+000
3.597614e+003,1.921348e+000
3.598095e+003,1.921129e+000
3.598578e+003,1.922292e+000
3.599060e+003,1.924783e+000
3.599542e+003,1.928352e+000
3.600024e+003,1.932541e+000
3.600506e+003,1.936742e+000
3.600988e+003,1.940254e+000
3.601470e+003,1.942410e+000
3.601953e+003,1.942671e+000
3.602435e+003,1.940733e+000
3.602917e+003,1.936557e+000
3.603399e+003,1.930398e+000
3.603881e+003,1.922756e+000
3.604363e+003,1.914371e+000
3.604845e+003,1.906135e+000
3.605327e+003,1.899040e+000
3.605810e+003,1.894035e+000
3.606292e+003,1.891869e+000
3.606774e+003,1.892858e+000
3.607256e+003,1.896733e+000
3.607738e+003,1.902559e+000
3.608220e+003,1.908944e+000
3.608702e+003,1.914401e+000
3.609184e+003,1.917810e+000
3.609667e+003,1.918686e+000
3.610149e+003,1.917255e+000
3.610631e+003,1.914259e+000
3.611113e+003,1.910718e+000
3.611595e+003,1.907593e+000
3.612077e+003,1.905551e+000
3.612559e+003,1.904750e+000
3.613042e+003,1.904828e+000
3.613524e+003,1.905025e+000
3.614006e+003,1.904488e+000
3.614488e+003,1.902571e+000
3.614970e+003,1.899057e+000
3.615452e+003,1.894212e+000
3.615934e+003,1.888717e+000
3.616416e+003,1.883519e+000
3.616898e+003,1.879668e+000
3.617381e+003,1.878077e+000
3.617863e+003,1.879309e+000
3.618345e+003,1.883312e+000
3.618827e+003,1.889357e+000
3.619309e+003,1.896162e+000
3.619791e+003,1.902310e+000
3.620273e+003,1.906664e+000
3.620755e+003,1.908670e+000
3.621238e+003,1.908318e+000
3.621720e+003,1.905983e+000
3.622202e+003,1.902147e+000
3.622684e+003,1.897213e+000
3.623166e+003,1.891386e+000
3.623648e+003,1.884683e+000
3.624130e+003,1.877012e+000
3.624612e+003,1.868354e+000
3.625094e+003,1.858941e+000
3.625577e+003,1.849481e+000
3.626059e+003,1.841267e+000
3.626541e+003,1.836211e+000
3.627023e+003,1.836548e+000
3.627505e+003,1.844152e+000
3.627987e+003,1.859367e+000
3.628469e+003,1.880029e+000
3.628952e+003,1.901621e+000
3.629434e+003,1.919143e+000
3.629916e+003,1.929349e+000
3.630398e+003,1.931780e+000
3.630880e+003,1.928135e+000
3.631362e+003,1.921071e+000
3.631844e+003,1.913170e+000
3.632326e+003,1.906422e+000
3.632809e+003,1.901947e+000
3.633291e+003,1.899980e+000
3.633773e+003,1.899970e+000
3.634255e+003,1.900885e+000
3.634737e+003,1.901588e+000
3.635219e+003,1.901218e+000
3.635701e+003,1.899381e+000
3.636183e+003,1.896178e+000
3.636666e+003,1.892032e+000
3.637148e+003,1.887516e+000
3.637630e+003,1.883170e+000
3.638112e+003,1.879418e+000
3.638594e+003,1.876539e+000
3.639076e+003,1.874694e+000
3.639558e+003,1.873926e+000
3.640041e+003,1.874152e+000
3.640522e+003,1.875090e+000
3.641005e+003,1.876235e+000
3.641487e+003,1.876855e+000
3.641969e+003,1.876112e+000
3.642451e+003,1.873220e+000
3.642933e+003,1.867669e+000
3.643415e+003,1.859356e+000
3.643897e+003,1.848670e+000
3.644380e+003,1.836442e+000
3.644862e+003,1.823870e+000
3.645344e+003,1.812404e+000
3.645826e+003,1.803640e+000
3.646308e+003,1.799191e+000
3.646790e+003,1.800564e+000
3.647272e+003,1.808918e+000
3.647754e+003,1.824795e+000
3.648237e+003,1.847675e+000
3.648719e+003,1.875666e+000
3.649201e+003,1.905459e+000
3.649683e+003,1.932984e+000
3.650165e+003,1.954497e+000
3.650647e+003,1.967692e+000
3.651129e+003,1.972074e+000
3.651611e+003,1.968736e+000
3.652094e+003,1.959711e+000
3.652576e+003,1.947438e+000
3.653058e+003,1.934379e+000
3.653540e+003,1.922822e+000
3.654022e+003,1.914690e+000
3.654504e+003,1.911333e+000
3.654986e+003,1.913186e+000
3.655469e+003,1.919530e+000
3.655950e+003,1.928491e+000
3.656433e+003,1.937589e+000
3.656915e+003,1.944580e+000
3.657397e+003,1.948229e+000
3.657879e+003,1.948515e+000
3.658361e+003,1.946355e+000
3.658843e+003,1.943033e+000
3.659325e+003,1.939750e+000
3.659808e+003,1.937306e+000
3.660290e+003,1.936035e+000
3.660772e+003,1.935852e+000
3.661254e+003,1.936412e+000
3.661736e+003,1.937285e+000
3.662218e+003,1.938091e+000
3.662700e+003,1.938550e+000
3.663182e+003,1.938480e+000
3.663665e+003,1.937717e+000
3.664147e+003,1.936099e+000
3.664629e+003,1.933462e+000
3.665111e+003,1.929745e+000
3.665593e+003,1.925099e+000
3.666075e+003,1.920051e+000
3.666557e+003,1.915590e+000
3.667039e+003,1.913215e+000
3.667521e+003,1.914796e+000
3.668004e+003,1.922204e+000
3.668486e+003,1.936582e+000
3.668968e+003,1.957425e+000
3.669450e+003,1.981943e+000
3.669932e+003,2.005563e+000
3.670414e+003,2.023577e+000
3.670896e+003,2.033077e+000
3.671378e+003,2.033808e+000
3.671861e+003,2.027831e+000
3.672343e+003,2.018564e+000
3.672825e+003,2.010039e+000
3.673307e+003,2.006302e+000
3.673789e+003,2.010862e+000
3.674271e+003,2.025655e+000
3.674753e+003,2.049776e+000
3.675236e+003,2.078803e+000
3.675718e+003,2.106139e+000
3.676200e+003,2.126059e+000
3.676682e+003,2.136244e+000
3.677164e+003,2.137884e+000
3.677646e+003,2.134062e+000
3.678128e+003,2.128012e+000
3.678610e+003,2.122155e+000
3.679093e+003,2.117776e+000
3.679575e+003,2.115174e+000
3.680057e+003,2.113954e+000
3.680539e+003,2.113431e+000
3.681021e+003,2.112931e+000
3.681503e+003,2.112008e+000
3.681985e+003,2.110441e+000
3.682467e+003,2.108176e+000
3.682949e+003,2.105179e+000
3.683432e+003,2.101424e+000
3.683914e+003,2.096896e+000
3.684396e+003,2.091731e+000
3.684878e+003,2.086316e+000
3.685360e+003,2.081407e+000
3.685842e+003,2.078115e+000
3.686324e+003,2.077841e+000
3.686806e+003,2.082058e+000
3.687289e+003,2.091988e+000
3.687771e+003,2.108166e+000
3.688253e+003,2.130076e+000
3.688735e+003,2.155991e+000
3.689217e+003,2.183338e+000
3.689699e+003,2.209345e+000
3.690181e+003,2.231763e+000
3.690664e+003,2.249211e+000
3.691146e+003,2.261195e+000
3.691628e+003,2.267884e+000
3.692110e+003,2.269924e+000
3.692592e+003,2.268290e+000
3.693074e+003,2.264190e+000
3.693556e+003,2.258927e+000
3.694038e+003,2.253765e+000
3.694521e+003,2.249726e+000
3.695003e+003,2.247425e+000
3.695485e+003,2.246958e+000
3.695967e+003,2.247927e+000
3.696449e+003,2.249602e+000
3.696931e+003,2.251233e+000
3.697413e+003,2.252344e+000
3.697895e+003,2.252975e+000
3.698377e+003,2.253710e+000
3.698860e+003,2.255573e+000
3.699342e+003,2.259737e+000
3.699824e+003,2.267190e+000
3.700306e+003,2.278329e+000
3.700788e+003,2.292707e+000
3.701270e+003,2.308975e+000
3.701752e+003,2.325207e+000
3.702234e+003,2.339449e+000
3.702717e+003,2.350311e+000
3.703199e+003,2.357240e+000
3.703681e+003,2.360473e+000
3.704163e+003,2.360711e+000
3.704645e+003,2.358801e+000
3.705127e+003,2.355478e+000
3.705609e+003,2.351290e+000
3.706092e+003,2.346596e+000
3.706573e+003,2.341705e+000
3.707056e+003,2.336992e+000
3.707538e+003,2.333053e+000
3.708020e+003,2.330795e+000
3.708502e+003,2.331468e+000
3.708984e+003,2.336552e+000
3.709466e+003,2.347513e+000
3.709948e+003,2.365311e+000
3.710431e+003,2.389859e+000
3.710913e+003,2.419545e+000
3.711395e+003,2.451296e+000
3.711877e+003,2.481266e+000
3.712359e+003,2.505978e+000
3.712841e+003,2.523232e+000
3.713323e+003,2.532456e+000
3.713805e+003,2.534429e+000
3.714288e+003,2.530777e+000
3.714770e+003,2.523456e+000
3.715252e+003,2.514396e+000
3.715734e+003,2.505246e+000
3.716216e+003,2.497245e+000
3.716698e+003,2.491128e+000
3.717180e+003,2.487125e+000
3.717662e+003,2.485023e+000
3.718145e+003,2.484373e+000
3.718627e+003,2.484693e+000
3.719109e+003,2.485701e+000
3.719591e+003,2.487377e+000
3.720073e+003,2.489937e+000
3.720555e+003,2.493620e+000
3.721037e+003,2.498522e+000
3.721520e+003,2.504436e+000
3.722001e+003,2.510933e+000
3.722484e+003,2.517541e+000
3.722966e+003,2.524030e+000
3.723448e+003,2.530568e+000
3.723930e+003,2.537677e+000
3.724412e+003,2.545944e+000
3.724894e+003,2.555624e+000
3.725376e+003,2.566240e+000
3.725859e+003,2.576503e+000
3.726341e+003,2.584548e+000
3.726823e+003,2.588559e+000
3.727305e+003,2.587378e+000
3.727787e+003,2.580932e+000
3.728269e+003,2.570223e+000
3.728751e+003,2.557062e+000
3.729233e+003,2.543630e+000
3.729716e+003,2.532089e+000
3.730198e+003,2.524203e+000
3.730680e+003,2.521094e+000
3.731162e+003,2.523056e+000
3.731644e+003,2.529636e+000
3.732126e+003,2.539908e+000
3.732608e+003,2.552978e+000
3.733090e+003,2.568390e+000
3.733573e+003,2.586278e+000
3.734055e+003,2.606966e+000
3.734537e+003,2.630315e+000
3.735019e+003,2.655025e+000
3.735501e+003,2.678611e+000
3.735983e+003,2.698033e+000
3.736465e+003,2.710822e+000
3.736948e+003,2.715816e+000
3.737430e+003,2.713227e+000
3.737912e+003,2.704112e+000
3.738394e+003,2.689760e+000
3.738876e+003,2.671268e+000
3.739358e+003,2.649473e+000
3.739840e+003,2.625107e+000
3.740322e+003,2.599144e+000
3.740804e+003,2.573130e+000
3.741287e+003,2.549516e+000
3.741769e+003,2.531743e+000
3.742251e+003,2.524060e+000
3.742733e+003,2.530602e+000
3.743215e+003,2.553631e+000
3.743697e+003,2.591149e+000
3.744179e+003,2.635745e+000
3.744661e+003,2.676603e+000
3.745144e+003,2.704349e+000
3.745626e+003,2.714955e+000
3.746108e+003,2.710108e+000
3.746590e+003,2.694872e+000
3.747072e+003,2.675280e+000
3.747554e+003,2.656862e+000
3.748036e+003,2.644162e+000
3.748518e+003,2.640524e+000
3.749000e+003,2.647885e+000
3.749483e+003,2.666331e+000
3.749965e+003,2.693768e+000
3.750447e+003,2.725992e+000
3.750929e+003,2.757668e+000
3.751411e+003,2.783782e+000
3.751893e+003,2.800984e+000
3.752375e+003,2.808001e+000
3.752858e+003,2.805364e+000
3.753340e+003,2.794711e+000
3.753822e+003,2.778219e+000
3.754304e+003,2.758177e+000
3.754786e+003,2.736799e+000
3.755268e+003,2.716086e+000
3.755750e+003,2.697829e+000
3.756232e+003,2.683531e+000
3.756715e+003,2.674397e+000
3.757197e+003,2.671204e+000
3.757679e+003,2.674133e+000
3.758161e+003,2.682548e+000
3.758643e+003,2.694859e+000
3.759125e+003,2.708580e+000
3.759607e+003,2.720806e+000
3.760089e+003,2.728891e+000
3.760572e+003,2.731210e+000
3.761054e+003,2.727559e+000
3.761536e+003,2.719145e+000
3.762018e+003,2.708178e+000
3.762500e+003,2.697332e+000
3.762982e+003,2.689114e+000
3.763464e+003,2.685320e+000
3.763947e+003,2.686525e+000
3.764428e+003,2.691874e+000
3.764911e+003,2.699249e+000
3.765393e+003,2.705994e+000
3.765875e+003,2.709907e+000
3.766357e+003,2.710108e+000
3.766839e+003,2.707322e+000
3.767321e+003,2.703575e+000
3.767803e+003,2.701402e+000
3.768286e+003,2.702979e+000
3.768768e+003,2.709285e+000
3.769250e+003,2.719659e+000
3.769732e+003,2.731906e+000
3.770214e+003,2.743087e+000
3.770696e+003,2.750602e+000
3.771178e+003,2.753087e+000
3.771660e+003,2.750611e+000
3.772143e+003,2.744345e+000
3.772625e+003,2.735890e+000
3.773107e+003,2.726735e+000
3.773589e+003,2.717884e+000
3.774071e+003,2.709796e+000
3.774553e+003,2.702492e+000
3.775035e+003,2.695846e+000
3.775517e+003,2.689878e+000
3.776000e+003,2.685007e+000
3.776482e+003,2.682108e+000
3.776964e+003,2.682355e+000
3.777446e+003,2.686819e+000
3.777928e+003,2.695940e+000
3.778410e+003,2.709025e+000
3.778892e+003,2.724097e+000
3.779375e+003,2.738288e+000
3.779856e+003,2.748778e+000
3.780339e+003,2.753758e+000
3.780821e+003,2.753003e+000
3.781303e+003,2.747736e+000
3.781785e+003,2.740098e+000
3.782267e+003,2.732422e+000
3.782749e+003,2.726651e+000
3.783231e+003,2.723886e+000
3.783714e+003,2.724245e+000
3.784196e+003,2.726904e+000
3.784678e+003,2.730471e+000
3.785160e+003,2.733477e+000
3.785642e+003,2.734867e+000
3.786124e+003,2.734237e+000
3.786606e+003,2.731813e+000
3.787088e+003,2.728180e+000
3.787571e+003,2.724015e+000
3.788053e+003,2.719835e+000
3.788535e+003,2.715922e+000
3.789017e+003,2.712296e+000
3.789499e+003,2.708809e+000
3.789981e+003,2.705192e+000
3.790463e+003,2.701157e+000
3.790945e+003,2.696450e+000
3.791427e+003,2.690958e+000
3.791910e+003,2.684777e+000
3.792392e+003,2.678321e+000
3.792874e+003,2.672312e+000
3.793356e+003,2.667738e+000
3.793838e+003,2.665620e+000
3.794320e+003,2.666687e+000
3.794802e+003,2.670938e+000
3.795284e+003,2.677326e+000
3.795767e+003,2.683699e+000
3.796249e+003,2.687325e+000
3.796731e+003,2.685762e+000
3.797213e+003,2.677850e+000
3.797695e+003,2.664228e+000
3.798177e+003,2.647377e+000
3.798659e+003,2.631190e+000
3.799142e+003,2.620390e+000
3.799624e+003,2.619602e+000
3.800106e+003,2.632006e+000
3.800588e+003,2.657545e+000
3.801070e+003,2.691714e+000
3.801552e+003,2.726281e+000
3.802034e+003,2.752544e+000
3.802516e+003,2.764985e+000
3.802999e+003,2.762975e+000
3.803481e+003,2.749858e+000
3.803963e+003,2.731067e+000
3.804445e+003,2.712446e+000
3.804927e+003,2.699210e+000
3.805409e+003,2.695076e+000
3.805891e+003,2.701442e+000
3.806373e+003,2.716716e+000
3.806855e+003,2.736550e+000
3.807338e+003,2.755287e+000
3.807820e+003,2.768147e+000
3.808302e+003,2.772752e+000
3.808784e+003,2.769311e+000
3.809266e+003,2.759673e+000
3.809748e+003,2.746176e+000
3.810230e+003,2.730795e+000
3.810712e+003,2.714829e+000
3.811195e+003,2.698947e+000
3.811677e+003,2.683546e+000
3.812159e+003,2.669137e+000
3.812641e+003,2.656712e+000
3.813123e+003,2.647827e+000
3.813605e+003,2.644416e+000
3.814087e+003,2.648136e+000
3.814570e+003,2.659438e+000
3.815052e+003,2.676568e+000
3.815534e+003,2.695346e+000
3.816016e+003,2.710267e+000
3.816498e+003,2.716716e+000
3.816980e+003,2.712898e+000
3.817462e+003,2.700440e+000
3.817944e+003,2.683608e+000
3.818427e+003,2.668124e+000
3.818909e+003,2.659962e+000
3.819391e+003,2.664169e+000
3.819873e+003,2.683272e+000
3.820355e+003,2.715572e+000
3.820837e+003,2.754422e+000
3.821319e+003,2.790144e+000
3.821801e+003,2.814115e+000
3.822283e+003,2.822335e+000
3.822766e+003,2.815986e+000
3.823248e+003,2.799622e+000
3.823730e+003,2.778823e+000
3.824212e+003,2.758655e+000
3.824694e+003,2.742844e+000
3.825176e+003,2.733418e+000
3.825658e+003,2.730545e+000
3.826140e+003,2.732684e+000
3.826623e+003,2.737120e+000
3.827105e+003,2.740915e+000
3.827587e+003,2.741849e+000
3.828069e+003,2.739038e+000
3.828551e+003,2.732940e+000
3.829033e+003,2.724969e+000
3.829515e+003,2.716855e+000
3.829998e+003,2.710080e+000
3.830479e+003,2.705400e+000
3.830962e+003,2.702653e+000
3.831444e+003,2.700811e+000
3.831926e+003,2.698390e+000
3.832408e+003,2.693964e+000
3.832890e+003,2.686698e+000
3.833372e+003,2.676592e+000
3.833854e+003,2.664521e+000
3.834337e+003,2.651994e+000
3.834819e+003,2.640915e+000
3.835301e+003,2.633235e+000
3.835783e+003,2.630662e+000
3.836265e+003,2.634263e+000
3.836747e+003,2.644135e+000
3.837229e+003,2.659113e+000
3.837711e+003,2.676880e+000
3.838194e+003,2.694439e+000
3.838676e+003,2.708984e+000
3.839158e+003,2.718699e+000
3.839640e+003,2.723222e+000
3.840122e+003,2.723508e+000
3.840604e+003,2.721387e+000
3.841086e+003,2.718924e+000
3.841568e+003,2.717900e+000
3.842051e+003,2.719365e+000
3.842533e+003,2.723453e+000
3.843015e+003,2.729332e+000
3.843497e+003,2.735495e+000
3.843979e+003,2.740173e+000
3.844461e+003,2.741871e+000
3.844943e+003,2.739697e+000
3.845426e+003,2.733509e+000
3.845907e+003,2.723728e+000
3.846390e+003,2.711065e+000
3.846872e+003,2.696197e+000
3.847354e+003,2.679568e+000
3.847836e+003,2.661321e+000
3.848318e+003,2.641432e+000
3.848800e+003,2.619944e+000
3.849282e+003,2.597351e+000
3.849765e+003,2.574959e+000
3.850247e+003,2.555284e+000
3.850729e+003,2.542269e+000
3.851211e+003,2.541246e+000
3.851693e+003,2.557997e+000
3.852175e+003,2.596503e+000
3.852657e+003,2.655357e+000
3.853139e+003,2.725393e+000
3.853622e+003,2.791929e+000
3.854104e+003,2.841779e+000
3.854586e+003,2.868972e+000
3.855068e+003,2.875006e+000
3.855550e+003,2.865240e+000
3.856032e+003,2.845552e+000
3.856514e+003,2.820635e+000
3.856996e+003,2.793735e+000
3.857479e+003,2.766906e+000
3.857961e+003,2.741450e+000
3.858443e+003,2.718210e+000
3.858925e+003,2.697809e+000
3.859407e+003,2.680724e+000
3.859889e+003,2.667356e+000
3.860371e+003,2.658042e+000
3.860854e+003,2.653119e+000
3.861336e+003,2.652946e+000
3.861818e+003,2.657874e+000
3.862300e+003,2.668036e+000
3.862782e+003,2.682983e+000
3.863264e+003,2.701205e+000
3.863746e+003,2.719932e+000
3.864228e+003,2.735435e+000
3.864710e+003,2.744032e+000
3.865193e+003,2.743263e+000
3.865675e+003,2.732777e+000
3.866157e+003,2.714433e+000
3.866639e+003,2.691847e+000
3.867121e+003,2.669603e+000
3.867603e+003,2.652475e+000
3.868085e+003,2.644453e+000
3.868567e+003,2.647684e+000
3.869050e+003,2.661382e+000
3.869532e+003,2.681576e+000
3.870014e+003,2.702306e+000
3.870496e+003,2.718138e+000
3.870978e+003,2.726340e+000
3.871460e+003,2.727535e+000
3.871942e+003,2.724667e+000
3.872424e+003,2.721387e+000
3.872906e+003,2.720529e+000
3.873389e+003,2.723179e+000
3.873871e+003,2.728345e+000
3.874353e+003,2.733473e+000
3.874835e+003,2.735524e+000
3.875317e+003,2.732275e+000
3.875799e+003,2.723072e+000
3.876281e+003,2.708961e+000
3.876764e+003,2.692230e+000
3.877246e+003,2.675840e+000
3.877728e+003,2.662835e+000
3.878210e+003,2.655841e+000
3.878692e+003,2.656441e+000
3.879174e+003,2.664587e+000
3.879656e+003,2.678172e+000
3.880138e+003,2.693365e+000
3.880621e+003,2.705765e+000
3.881103e+003,2.712031e+000
3.881585e+003,2.711009e+000
3.882067e+003,2.703917e+000
3.882549e+003,2.693685e+000
3.883031e+003,2.684030e+000
3.883513e+003,2.678481e+000
3.883995e+003,2.679515e+000
3.884478e+003,2.687659e+000
3.884960e+003,2.700991e+000
3.885442e+003,2.715427e+000
3.885924e+003,2.726135e+000
3.886406e+003,2.729382e+000
3.886888e+003,2.723829e+000
3.887370e+003,2.710582e+000
3.887853e+003,2.692443e+000
3.888334e+003,2.672919e+000
3.888817e+003,2.655513e+000
3.889299e+003,2.643213e+000
3.889781e+003,2.638115e+000
3.890263e+003,2.640986e+000
3.890745e+003,2.650984e+000
3.891227e+003,2.665668e+000
3.891709e+003,2.681649e+000
3.892192e+003,2.695562e+000
3.892674e+003,2.704987e+000
3.893156e+003,2.708825e+000
3.893638e+003,2.707154e+000
3.894120e+003,2.700802e+000
3.894602e+003,2.690988e+000
3.895084e+003,2.679055e+000
3.895566e+003,2.666397e+000
3.896049e+003,2.654378e+000
3.896531e+003,2.644305e+000
3.897013e+003,2.637276e+000
3.897495e+003,2.634037e+000
3.897977e+003,2.634745e+000
3.898459e+003,2.638886e+000
3.898941e+003,2.645283e+000
3.899423e+003,2.652443e+000
3.899906e+003,2.659032e+000
3.900388e+003,2.664383e+000
3.900870e+003,2.668740e+000
3.901352e+003,2.673195e+000
3.901834e+003,2.679245e+000
3.902316e+003,2.688227e+000
3.902798e+003,2.700669e+000
3.903281e+003,2.715956e+000
3.903762e+003,2.732310e+000
3.904245e+003,2.747293e+000
3.904727e+003,2.758520e+000
3.905209e+003,2.764380e+000
3.905691e+003,2.764336e+000
3.906173e+003,2.758890e+000
3.906655e+003,2.749218e+000
3.907137e+003,2.736842e+000
3.907620e+003,2.723299e+000
3.908102e+003,2.709995e+000
3.908584e+003,2.698060e+000
3.909066e+003,2.688301e+000
3.909548e+003,2.681109e+000
3.910030e+003,2.676417e+000
3.910512e+003,2.673668e+000
3.910994e+003,2.671934e+000
3.911477e+003,2.670080e+000
3.911959e+003,2.667078e+000
3.912441e+003,2.662267e+000
3.912923e+003,2.655600e+000
3.913405e+003,2.647678e+000
3.913887e+003,2.639674e+000
3.914369e+003,2.633075e+000
3.914851e+003,2.629376e+000
3.915333e+003,2.629690e+000
3.915816e+003,2.634490e+000
3.916298e+003,2.643423e+000
3.916780e+003,2.655415e+000
3.917262e+003,2.668892e+000
3.917744e+003,2.682172e+000
3.918226e+003,2.693727e+000
3.918708e+003,2.702422e+000
3.919190e+003,2.707521e+000
3.919673e+003,2.708737e+000
3.920155e+003,2.706197e+000
3.920637e+003,2.700492e+000
3.921119e+003,2.692650e+000
3.921601e+003,2.684088e+000
3.922083e+003,2.676410e+000
3.922565e+003,2.671153e+000
3.923048e+003,2.669401e+000
3.923530e+003,2.671477e+000
3.924012e+003,2.676741e+000
3.924494e+003,2.683700e+000
3.924976e+003,2.690397e+000
3.925458e+003,2.695013e+000
3.925940e+003,2.696341e+000
3.926422e+003,2.694084e+000
3.926905e+003,2.688758e+000
3.927387e+003,2.681458e+000
3.927869e+003,2.673508e+000
3.928351e+003,2.666212e+000
3.928833e+003,2.660640e+000
3.929315e+003,2.657548e+000
3.929797e+003,2.657307e+000
3.930279e+003,2.659920e+000
3.930761e+003,2.664994e+000
3.931244e+003,2.671790e+000
3.931726e+003,2.679265e+000
3.932208e+003,2.686258e+000
3.932690e+003,2.691660e+000
3.933172e+003,2.694658e+000
3.933654e+003,2.694858e+000
3.934136e+003,2.692341e+000
3.934618e+003,2.687559e+000
3.935101e+003,2.681202e+000
3.935583e+003,2.673988e+000
3.936065e+003,2.666554e+000
3.936547e+003,2.659335e+000
3.937029e+003,2.652587e+000
3.937511e+003,2.646423e+000
3.937993e+003,2.640941e+000
3.938476e+003,2.636310e+000
3.938958e+003,2.632853e+000
3.939440e+003,2.631027e+000
3.939922e+003,2.631355e+000
3.940404e+003,2.634236e+000
3.940886e+003,2.639780e+000
3.941368e+003,2.647598e+000
3.941850e+003,2.656764e+000
3.942333e+003,2.665889e+000
3.942815e+003,2.673432e+000
3.943297e+003,2.678072e+000
3.943779e+003,2.679090e+000
3.944261e+003,2.676519e+000
3.944743e+003,2.671145e+000
3.945225e+003,2.664261e+000
3.945707e+003,2.657412e+000
3.946189e+003,2.652068e+000
3.946672e+003,2.649362e+000
3.947154e+003,2.649845e+000
3.947636e+003,2.653407e+000
3.948118e+003,2.659278e+000
3.948600e+003,2.666242e+000
3.949082e+003,2.672913e+000
3.949564e+003,2.678080e+000
3.950046e+003,2.680929e+000
3.950529e+003,2.681163e+000
3.951011e+003,2.678952e+000
3.951493e+003,2.674847e+000
3.951975e+003,2.669607e+000
3.952457e+003,2.664080e+000
3.952939e+003,2.659065e+000
3.953421e+003,2.655234e+000
3.953904e+003,2.653030e+000
3.954385e+003,2.652622e+000
3.954868e+003,2.653852e+000
3.955350e+003,2.656263e+000
3.955832e+003,2.659137e+000
3.956314e+003,2.661650e+000
3.956796e+003,2.663005e+000
3.957278e+003,2.662630e+000
3.957760e+003,2.660285e+000
3.958243e+003,2.656138e+000
3.958725e+003,2.650705e+000
3.959207e+003,2.644769e+000
3.959689e+003,2.639174e+000
3.960171e+003,2.634676e+000
3.960653e+003,2.631761e+000
3.961135e+003,2.630591e+000
3.961617e+003,2.630984e+000
3.962100e+003,2.632526e+000
3.962582e+003,2.634692e+000
3.963064e+003,2.637027e+000
3.963546e+003,2.639245e+000
3.964028e+003,2.641285e+000
3.964510e+003,2.643260e+000
3.964992e+003,2.645375e+000
3.965474e+003,2.647801e+000
3.965957e+003,2.650596e+000
3.966439e+003,2.653636e+000
3.966921e+003,2.656659e+000
3.967403e+003,2.659312e+000
3.967885e+003,2.661270e+000
3.968367e+003,2.662292e+000
3.968849e+003,2.662301e+000
3.969332e+003,2.661347e+000
3.969813e+003,2.659583e+000
3.970296e+003,2.657188e+000
3.970778e+003,2.654337e+000
3.971260e+003,2.651162e+000
3.971742e+003,2.647796e+000
3.972224e+003,2.644369e+000
3.972706e+003,2.641060e+000
3.973188e+003,2.638053e+000
3.973671e+003,2.635514e+000
3.974153e+003,2.633498e+000
3.974635e+003,2.631928e+000
3.975117e+003,2.630566e+000
3.975599e+003,2.629095e+000
3.976081e+003,2.627208e+000
3.976563e+003,2.624762e+000
3.977045e+003,2.621840e+000
3.977528e+003,2.618812e+000
3.978010e+003,2.616228e+000
3.978492e+003,2.614720e+000
3.978974e+003,2.614791e+000
3.979456e+003,2.616681e+000
3.979938e+003,2.620240e+000
3.980420e+003,2.624974e+000
3.980902e+003,2.630098e+000
3.981385e+003,2.634755e+000
3.981867e+003,2.638170e+000
3.982349e+003,2.639841e+000
3.982831e+003,2.639589e+000
3.983313e+003,2.637567e+000
3.983795e+003,2.634136e+000
3.984277e+003,2.629766e+000
3.984760e+003,2.624884e+000
3.985242e+003,2.619828e+000
3.985724e+003,2.614809e+000
3.986206e+003,2.609987e+000
3.986688e+003,2.605507e+000
3.987170e+003,2.601594e+000
3.987652e+003,2.598537e+000
3.988134e+003,2.596688e+000
3.988616e+003,2.596363e+000
3.989099e+003,2.597759e+000
3.989581e+003,2.600862e+000
3.990063e+003,2.605447e+000
3.990545e+003,2.611088e+000
3.991027e+003,2.617273e+000
3.991509e+003,2.623488e+000
3.991991e+003,2.629344e+000
3.992473e+003,2.634596e+000
3.992956e+003,2.639162e+000
3.993438e+003,2.643036e+000
3.993920e+003,2.646257e+000
3.994402e+003,2.648821e+000
3.994884e+003,2.650683e+000
3.995366e+003,2.651756e+000
3.995848e+003,2.651979e+000
3.996330e+003,2.651341e+000
3.996813e+003,2.649944e+000
3.997295e+003,2.647975e+000
3.997777e+003,2.645701e+000
3.998259e+003,2.643391e+000
3.998741e+003,2.641294e+000
3.999223e+003,2.639564e+000
3.999705e+003,2.638271e+000
4.000188e+003,2.637375e+000
